-0.4000491400033338 51.8614363903763973 325
-0.39922493684254284 51.85918610321670741 325.12
-0.40031566315140937 51.85949831908385477 325.24
-0.40094529524252043 51.86006664866094695 325.36
-0.40178155582932396 51.85958821703304267 325.48
-0.40247908781645481 51.85903792440770843 325.6
-0.40329921763316245 51.8590140747033459 325.72
-0.40330083545582629 51.85976628516514353 325.84
-0.40475582383143671 51.85936620087014859 325.96
-0.40458166442466514 51.85869911409712785 326.08
-0.40497142314120504 51.85886183482771372 326.2
-0.40491659284932519 51.8596132796722884 326.32
-0.40582391868418233 51.85952062372707161 326.44
-0.40524679273122288 51.85986265549406227 326.56
-0.40517856761723692 51.86019409273664849 326.68
-0.40622524257327058 51.86015580117248902 326.8
-0.4062431629728363 51.85964875427903564 326.92
-0.40665870300110862 51.85988178963074091 327.04
-0.4063571659556337 51.86041997981526208 327.16
-0.4053502679285928 51.86093111604475325 327.28
-0.40587011738805673 51.86141046660313236 327.4
-0.40688672781742719 51.8614242397916172 327.52
-0.40724210314100145 51.86176141448947874 327.64
-0.40725984352219813 51.86205903130176154 327.76
-0.40679627237910515 51.86238511544617324 327.88
-0.40557392464449193 51.86259595868074257 328
-0.405270500681914 51.8631865986566396 328.12
-0.40550054925221046 51.86387193414240215 328.24
-0.4054900377682803 51.86416916821204381 328.36
-0.40471352153185353 51.86375630664439029 328.48
-0.40424271309465104 51.86348752944708451 328.6
-0.40391496838995028 51.86316821339512728 328.72
-0.40332378090258258 51.86310771191025282 328.84
-0.40300756538967381 51.86326085391046092 328.96
-0.40313638239535737 51.86361245763689709 329.08
-0.40326334379276862 51.86401651423322079 329.2
-0.40338968824177202 51.86443805502261029 329.32
-0.40350427179435522 51.86519179807257984 329.44
-0.40357599532523475 51.86556011900690066 329.56
-0.4040989725900842 51.86595205563491362 329.68
-0.40346774259189733 51.86622337383148817 329.8
-0.40273654415765053 51.86612598379068118 329.92
-0.40240915301985863 51.86659384176655152 330.04
-0.40193000558663894 51.86735701380022334 330.16
-0.40162712058982403 51.86793015893150738 330.28
-0.40150484846347273 51.86819088849159698 330.4
-0.40117212917462847 51.86801143940195402 330.52
-0.40053370090703838 51.86768789108478472 330.64
-0.40069538470592053 51.86711282902305697 330.76
-0.40071275152179286 51.86662326840688308 330.88
-0.40059014812306476 51.86609681919915715 331
-0.40018451009339107 51.86558401352202452 331.12
-0.39942446719885727 51.8655037032339834 331.24
-0.39918860125789057 51.86578037756231652 331.36
-0.39985771723926478 51.86603437994401133 331.48
-0.40013331215282155 51.86623054873725636 331.6
-0.40021555679968907 51.86630163826571049 331.72
-0.40026397587388401 51.86652970240798055 331.84
-0.39994648482458411 51.86671780441068336 331.96
-0.39903279382868073 51.86698525652204239 332.08
-0.39852815431122446 51.86687343084002322 332.2
-0.39836553204299474 51.86667879654317659 332.32
-0.39809056346321675 51.86646513937763103 332.44
-0.39770138634758223 51.86628491142158737 332.56
-0.39717224561063541 51.86606778960932473 332.68
-0.39689728641045474 51.8658541297117992 332.8
-0.39625083430783764 51.86575785414780171 332.92
-0.39580456533349206 51.86559433418463527 333.04
-0.39516247593578041 51.86537566280969003 333.16
-0.39460760716847998 51.86508820726300684 333.28
-0.39430317958797245 51.86490912450565816 333.4
-0.39404776326508728 51.86494062319956555 333.52
-0.39369516450648251 51.86532064948168141 333.64
-0.39302940853082385 51.86576636806838536 333.76
-0.39241513580834275 51.86635272859318491 333.88
-0.39171424851422126 51.86699038003116868 334
-0.39287904623477915 51.86681387931597698 334.12
-0.39353298210836646 51.86670036250202287 334.24
-0.39317829525504933 51.86634566295224857 334.36
-0.39268115800573339 51.86602400142918867 334.48
-0.39219792861953201 51.86610486133459119 334.6
-0.39178882076652866 51.86648410957039346 334.72
-0.39136206929998962 51.86656573820136629 334.84
-0.39126095455720911 51.86623199293110531 334.96
-0.3911372148575733 51.8657405032392731 335.08
-0.3910687125874075 51.86528475443971331 335.2
-0.39064618333046958 51.86445681434570076 335.32
-0.39016858581684649 51.86438030800026411 335.44
-0.38988430459790158 51.86442889538270151 335.56
-0.38979770883789855 51.86448018832771112 335.68
-0.38980270416605778 51.8643403145536297 335.8
-0.39004111681956011 51.86399372250479445 335.92
-0.38974934477606599 51.86425212026736631 336.04
-0.38968724321676057 51.86440870505412448 336.16
-0.38953479775485134 51.86472148786106828 336.28
-0.38918840968813928 51.86492665817442571 336.4
-0.38853198954626489 51.86511008782878918 336.52
-0.3880607513595995 51.86564590702550959 336.64
-0.38821644950452644 51.86603288143315638 336.76
-0.38834515824148391 51.86638450028621605 336.88
-0.38826679715458817 51.86699567345224438 337
-0.38912731884542762 51.86742728708794914 337.12
-0.38868743051882998 51.86787607418522583 337.24
-0.39023580071106706 51.86803721541769363 337.36
-0.39359860332756996 51.86803070791770409 337.48
-0.39468491788951349 51.86767818994129442 337.6
-0.39537768438699644 51.86726781600901148 337.72
-0.39577743725229392 51.86715081912411307 337.84
-0.39655330627359797 51.86758122352653544 337.96
-0.39692445959558625 51.8682684991889289 338.08
-0.39662647980437454 51.86870175662022575 338.2
-0.39985771723926478 51.86603437994401133 338.32
-0.39091878797975332 51.86869379186607176 338.44
-0.39135758230676559 51.86906714105022331 338.56
-0.39131249227378034 51.86953882875790356 338.68
-0.39141486210168791 51.86983760542965882 338.8
-0.39072186391315356 51.86946077921808751 338.92
-0.38992089810671732 51.86894252906105862 339.04
-0.38950848654383941 51.86862201391899418 339.16
-0.38895236525114263 51.86836950022710369 339.28
-0.3876310817521581 51.86738929506889662 339.4
-0.38693493374675708 51.86631269210203499 339.52
-0.38676727021698964 51.86547073979528477 339.64
-0.38642078113895562 51.86488872582441445 339.76
-0.38604668602511205 51.86428883918289046 339.88
-0.38564999447457754 51.86353120610731082 340
-0.38517235383671583 51.86266750356221422 340.12
-0.38355642579852167 51.86282023624979587 340.24
-0.38194236958284439 51.86292049416499594 340.36
-0.38106441555828297 51.86376556061772192 340.48
-0.38107695095071292 51.8649902282427675 340.6
-0.38091689579649668 51.86629998410201381 340.72
-0.37994470380716039 51.86740613678109213 340.84
-0.37891476915154898 51.86775929615764369 340.96
-0.37779876221910891 51.86893342040839627 341.08
-0.37747982802287267 51.86994360303303608 341.2
-0.37657709348264939 51.87147051274505571 341.32
-0.37612318332119304 51.87230390098536503 341.44
-0.37560205186264267 51.87343373639928501 341.56
-0.3853587617274668 51.86298493258035336 341.68
