y x1 x2 x3 x4
-1.4164672174825772 0.8072940839304762 0.8973711478750687 0.7002878800535626 0.009033238096931129
2.121702141001868 0.11255112169301307 0.2323313014182794 0.7794184323183182 0.768871269456571
0.7306623408986349 0.31299935016328584 0.9905695975958757 0.797656353958225 0.5257302321587244
0.6140928698230568 0.504952018400445 0.6341830334167294 0.08377788153940391 0.5897416059019954
-0.3511209036866887 0.966807913171387 0.04887957603491144 0.7288809369908796 0.3049015371424125
0.49452406179180153 0.6174967591650953 0.6400831129377456 0.1641657348161929 0.6564000059326363
0.7655229385995183 0.2343047920534449 0.5068495528224027 0.20647508369215462 0.35320274552537867
0.4131880963733383 0.3830987246649482 0.3704216484381646 0.49519458665324534 0.3049847993339393
0.6210787856988383 0.3620042038647573 0.2509841999474126 0.2523953113311177 0.3011553079896605
-0.20809970945598344 0.6803665163164645 0.14536502712718524 0.11324398775174249 0.14696979101144536
0.10792298400339667 0.2834024739086285 0.6997119406897527 0.7228153319623424 0.162760091305181
0.6800756496868223 0.33521019372903726 0.9082876269270053 0.7770072594846293 0.5176257774727062
2.3808918915825013 0.13831856890568184 0.15892542575229684 0.8809588054584244 0.8647738610700957
0.10791375468164038 0.22607264895437673 0.5219185852255729 0.7995404603538319 0.06696074313747302
-0.25588254857579595 0.5827748981004095 0.7731549447594086 0.4629876514872683 0.30066580730161707
2.2516508617004054 0.1631011795044396 0.050636436461744316 0.8564364781928033 0.710911087983314
-0.20279801079995563 0.7491980808058775 0.6661432539046744 0.09213995188702429 0.46330064754183986
1.1017173231869237 0.38636655487294824 0.8843244602181145 0.9329161239540112 0.7774912791105
0.01996976548054266 0.267981818641154 0.5137900887311787 0.3055511507711257 0.04096828211022829
0.2651240244013478 0.3503871530094318 0.5878900488013822 0.2339737331105589 0.2598256246056251
-0.24449032246818492 0.9461378369535794 0.6006026229600778 0.45620384800294334 0.6561821469532654
1.9278572771677638 0.32157134891219075 0.15565689492138646 0.1659138451319495 0.8007446359809403
-0.5535601921847497 0.9234844728092142 0.6275580527128766 0.3938235858059792 0.48782422048682117
0.47464588932432306 0.7830994803206498 0.06901074041209598 0.659082800487653 0.5271591636360664
0.6345756498512929 0.4366666093412396 0.5130134606636478 0.855856087603472 0.5385260440549293
1.152136722221221 0.011649164459393124 0.6613619741183646 0.5646430311629259 0.36047034958523283
0.6886877799942293 0.1555289444056006 0.5999647580236517 0.45120560442919233 0.2718868960476609
2.5521036753089312 0.019615951992354996 0.06709026026014575 0.4493331263053779 0.7033871778573352
-0.42227221391744385 0.774679456235627 0.541021632863506 0.791515675474789 0.3942086067841346
2.261649676597259 0.35657886946411865 0.014395914127025122 0.8957098319200871 0.8713248271464337
0.7756555390889828 0.7228550518232159 0.6915620034947003 0.32691111641429504 0.9190911115325872
0.69123646007697 0.8560661879097988 0.18605980633642405 0.36857941774366265 0.8094842219606249
0.279972692653798 0.6276354480712438 0.47577595139560724 0.947895790334465 0.5624028029247441
-0.0961905664635746 0.41159283158210724 0.7460718957492108 0.023916889062182367 0.16957465475987354
0.897975012586742 0.15770213884565076 0.553199996876041 0.33778786416593864 0.35632092916510805
0.6383734547493916 0.21040821507991858 0.961837924259225 0.5237928606319305 0.35837629120710834
0.7115225636023407 0.04641765047504376 0.7441464138000674 0.4919011153241636 0.19695050462301145
0.9139016616004807 0.3512594241281545 0.07010922092483296 0.2893493261128026 0.26578714303013673
0.07610319721302461 0.8977157304462766 0.3367770372140757 0.03902370327819127 0.6421025734783326
-0.26205993578390085 0.6185494570711834 0.6288880831400065 0.8056731630821394 0.3286365719405677
0.9266679287085782 0.5863978059724057 0.3367069812464415 0.13844892589735114 0.7265518397782659
0.7756227512048728 0.9294067373837851 0.2616282420838336 0.46488462478187087 0.9877031549273921
0.7358441062326624 0.5435623870224934 0.946001127439549 0.9122648467995009 0.7721668130914003
-0.992913257878235 0.8577922138031897 0.8911325330831549 0.9970378043811698 0.2776242927257435
0.7771907136402927 0.7013168004070665 0.1701985310235966 0.8493892265299469 0.6994250806325355
-0.26294324910557343 0.8863789572284175 0.21832863962078064 0.42459334331882737 0.41544132300089975
0.6860326825887602 0.25144033964065104 0.7466636434387395 0.6884266992452424 0.41008593759132705
-0.34346365884670793 0.4010164167477903 0.9346784720921095 0.73903267004198 0.09945625852529205
0.9984273972407907 0.11620298560787878 0.5709053730597924 0.9478484270847833 0.39633910116039883
0.44758209398336457 0.6547030459998061 0.5338477245038901 0.05427104515189596 0.6415922074996169
1.6062710275271308 0.3442245594057336 0.05174296006923729 0.6278612552486104 0.5832986574962676
0.44855504567782983 0.0590389974108827 0.582305216645952 0.04326469542436118 0.029976007917868364
1.159430848568769 0.3415649102688837 0.050721149095254936 0.31417159647518456 0.3499125501096697
1.8270159416014784 0.010326383623165736 0.9666303530328251 0.8461864138774366 0.7314532951995831
-0.5710948436377764 0.9852577942684373 0.10627137322339397 0.9874764055345648 0.2994971882423999
-0.35496256165186363 0.5005080436130407 0.8368552502915415 0.022040191436403567 0.15073928917389268
-0.910288079154674 0.7699629445097458 0.2396868532798616 0.4215228270682331 0.0006210501057278828
1.3579835964463558 0.1056765990031312 0.2752603601030653 0.7411673032394769 0.42503804546409796
0.35216249184872583 0.7881371900850642 0.8525749250021047 0.8236386577340196 0.8330256444938071
1.0240050175438427 0.286368483071897 0.9875895352690233 0.3720795201730045 0.6153704841728201
0.6136265401541632 0.31479263658591194 0.5009273581769108 0.18783629995629347 0.3623417219488674
-0.0969564288628384 0.9227368920319159 0.35246842201576545 0.48760698110047296 0.618365940484189
-0.26508303790917087 0.6451953298724953 0.9572826636382862 0.15942956674871 0.36368012524649196
1.6412459567671478 0.36276627741831 0.05278061735147499 0.370888191240232 0.6072327459953005
0.041041972281654016 0.24619298971750692 0.8936080785868882 0.81564309686618 0.12068591445547172
-0.42412828888536 0.4916005316314045 0.705581172829658 0.8561263000370734 0.1350963227618317
1.3678955362461316 0.18239753644436774 0.2646346584170207 0.2623598196871455 0.4782528397895297
0.9657352336571321 0.0795323153142874 0.20250430019281007 0.8638663538250368 0.16544264470444137
-0.4303581645028418 0.7210225965714256 0.22609147899921256 0.2058598970471084 0.156424278013638
-0.5546155172054634 0.5731093078971848 0.5129556452298215 0.8290386346730992 0.11384997813058251
0.1833653153484185 0.9271097494289067 0.3872612440972747 0.0619653761614698 0.7495194525752896
0.6002583301995845 0.6851709835969615 0.5131823093328123 0.8312905669234206 0.7813664038466137
0.03232580384880279 0.6631665935160266 0.9438441693196795 0.8281777753122278 0.5581837160781841
-0.289294686006825 0.5546524355954632 0.6231928471438681 0.2217011953841106 0.21702239082329855
-0.45204213778816515 0.839037270777849 0.7087743703391447 0.764177260493588 0.4817588699583154
1.5004246330918247 0.528556243494164 0.018960729787328878 0.7759988665746819 0.6895931086660261
0.720850131139448 0.558313688638708 0.7428911737702881 0.7805572098477095 0.7522280503858132
-0.9819412925598416 0.7839833807269981 0.5584694806765398 0.1754989427228717 0.10972548944609062
0.7455013690275614 0.6606065340952133 0.8314383091490765 0.6258009953163474 0.8745398590984138
-0.5274340314952952 0.4759298568256958 0.6060010394875561 0.7829622568730313 0.04680612630508785
1.7967642115293414 0.20356904135315468 0.1323029736676049 0.4079763389907123 0.6056444302538038
-1.4314045958574297 0.9742239346661483 0.3756092519720232 0.015571324394177855 0.022045260115736376
-1.2279652962823255 0.7576403816778498 0.883631995759694 0.24457887129931966 0.02153365564729881
2.22826153129295 0.3678152115701794 0.11384067929434816 0.9409331962823962 0.991458363965699
-0.48290150819304367 0.40456424551254855 0.7491265138250085 0.519060961173564 0.005513700872824323
-1.2454309309191351 0.9081231271066603 0.39302013727671803 0.04011376303810621 0.050540950588916944
-0.16429855593404974 0.8961363581933042 0.5741063154697087 0.9374320336692653 0.6600244227169494
-1.4019328280359966 0.9526666468582558 0.8679089947138825 0.3582059711666987 0.14766883126843733
0.9765912053928555 0.075797085033116 0.21320179250087534 0.6808052746127707 0.16591344286375986
-1.498012271076821 0.9589830661333227 0.9277910559023447 0.695388815586966 0.13145869556987444
-0.02330035316591994 0.6810958793459706 0.7089125301116868 0.14269785352892106 0.4876522426702796
0.5398895555968838 0.4334702549175531 0.30509500162086456 0.457025264099579 0.38219920898791826
-0.08446566767711616 0.745543424658817 0.31040564997336473 0.07277605998772063 0.39385456864268975
0.3488723104311937 0.7896476632848247 0.3507388695964676 0.06723824008063173 0.667470753199818
-0.5588241013801121 0.9659864001338847 0.027105313999139957 0.038203245928102314 0.13928816663310983
0.17459803977192212 0.7544942920364941 0.06937752435915878 0.9003824579112206 0.3667498779662308
1.0774949745001243 0.6267137975741842 0.29082829745022176 0.6490168604347429 0.842236790940367
-0.842252710584539 0.8052755214800434 0.7442318659783874 0.9057084533132066 0.2729559533301249
1.426360084586404 0.21267187068723203 0.3798986332535912 0.5605884264807709 0.6166763659029065
0.1375152919987095 0.7944188859221676 0.351676874903066 0.5236522552080479 0.5970851006760582
0.07689654806913648 0.5173474757070223 0.6265706136463476 0.25256995088138 0.354721901471602
2.0446647686139943 0.41050896073752474 0.046240194879916374 0.38021948882896317 0.8414813526280199
1.469547677308729 0.4212583461089321 0.9699741853671402 0.514935960482038 0.9751879325129413
0.14916637794611476 0.5836522395019107 0.45971311178064544 0.40919250595771983 0.42120469702343555
1.0411748117008583 0.4440529826935189 0.019083207114638623 0.5260079180867219 0.36981276152072506
0.2486324823351631 0.7279039104719482 0.8235285157723339 0.5926398678838102 0.705855168793383
-0.9015067602179698 0.829460977485895 0.1831406862069742 0.013613107963650783 0.00108047134491418
2.0026048214108347 0.06666719678433708 0.25400651899349813 0.1995544843414604 0.6487635843198111
-0.26149804825316414 0.7639328406684058 0.5950405003395643 0.4669846631330252 0.45649778634887006
0.2720821192642211 0.7593342306173783 0.6649672423880678 0.7244603988090705 0.7335091113518994
1.5105381485091636 0.242168014015395 0.672088230979636 0.9079912797651463 0.7918226497888086
1.5734050806605167 0.042723401925965576 0.8610193634527041 0.6750007206259984 0.627084017826255
1.6065581837779368 0.19470237579499572 0.6648136633229904 0.9845830345086769 0.7901735450176374
1.8466813720486697 0.28954625527024624 0.13469758732652137 0.7902779973951695 0.7415047572563275
-1.3345037111462377 0.8210304028683271 0.8384735136883577 0.5198057429004213 0.047410214529563066
1.6265346461414314 0.43569513881998767 0.2977927721995598 0.07694278431587243 0.876990107293638
0.042926428818273146 0.2246175615313224 0.531149509707394 0.8239676970278569 0.03833908567593203
0.25417873811702824 0.5022933661356068 0.12674695631632626 0.5690003186618158 0.18694988714243133
0.02050617407694122 0.7979258551927824 0.44370380078453053 0.815670470203021 0.599475344383858
1.310703835649547 0.039464336192441385 0.4751415764354955 0.7449118172582533 0.42687191629841004
-1.3355479296360508 0.8240413453466582 0.878670214842739 0.9790263488061262 0.07708939278775129
-0.5228269537843948 0.8191074957330858 0.8991262458296304 0.9032784750251901 0.45715794137858945
-1.4955488445615182 0.8539548040959144 0.9426366368965354 0.7490138875617994 0.026475232068449928
0.38870837799596103 0.9755838032878906 0.5563747862389192 0.8617753417065446 0.9984219542662881
1.2153089815664444 0.3103202599590784 0.4936506562762104 0.12735856251936883 0.6385237091442245
1.0529415212842055 0.17379323231408983 0.20324607786028748 0.8911543190597835 0.307636819497357
0.37140346358876913 0.48814082221575994 0.18796164623482858 0.6908931233527469 0.2901097357401936
1.4606033822621964 0.25301605010692685 0.06598232719921782 0.2322527119347576 0.41509521382302117
0.029580883141316683 0.5095782802337903 0.8139564162470406 0.8792545902188618 0.3860973608979026
-0.5160205543091206 0.6665029006388038 0.5649292852327179 0.0685569430691636 0.20418663597242848
-0.47705374480916585 0.715738106621775 0.9613861577853671 0.9932926921085313 0.38001751188116906
0.9614828495179069 0.08125872135926981 0.5281455293664693 0.14713796272959379 0.28916393467197177
1.0557600329259957 0.20212671273309912 0.548771013283716 0.534228724343309 0.4872322179793994
-1.1519658250436784 0.9665144828483664 0.8434272165087573 0.48276275486438736 0.28533328391740587
-1.0367931355464222 0.9050226806220162 0.2411340120313078 0.02303156467203804 0.06096149131121398
0.7152572849544337 0.24110480077554464 0.2148046360521535 0.7761702489070336 0.22065998264211228
1.437958132095817 0.1458735212290636 0.865467232645204 0.13477147170688153 0.6423026697006776
1.2360791785777292 0.3917401920394632 0.2542728108423059 0.6490667742549415 0.6483532160746424
0.7573075862636325 0.451672105150006 0.9096537004792303 0.26137795085446036 0.6496133645595197
0.47192202353980295 0.6389164243079826 0.5752681325788757 0.11212715984705846 0.6507684765901989
1.0449506404024758 0.6095210988419727 0.18853374763151665 0.590865954079169 0.7333751322277541
-0.27503558658488136 0.807058308696205 0.46966687406522345 0.3615171503411444 0.4541584700098359
2.0029146312666817 0.3101981966398555 0.25573759597690104 0.892212952707643 0.9411809391270199
0.4002439207766444 0.6320749300758606 0.3619456899716684 0.11727414904497002 0.5351461053181092
0.7545628030168101 0.769561565455745 0.4296526334035655 0.12420028005660999 0.8775603555463998
-1.3554898276883565 0.9454152458512523 0.2475301901652407 0.9081743364570573 0.0026124156786362374
0.6005951963583727 0.22112217981161686 0.4890457830713105 0.04641942603617433 0.2463272039451646
0.09582079499522766 0.7588461640212311 0.8906468488162556 0.04419225416239714 0.6426431552361613
-0.20591615937020746 0.9600976787098833 0.4893812948239493 0.08545139773649646 0.6387528393138502
-0.8620938241008853 0.8099854092677748 0.7125671798156397 0.92875582025746 0.26474749957904276
1.3637177296033136 0.20298109070275483 0.2705673001926243 0.6454894166965539 0.5218925594747753
0.8096531252995047 0.6658068013258477 0.6461820174290152 0.9481581147890294 0.8989293418817527
0.10951314224622066 0.46075969644668424 0.41269745603016184 0.8198112089256665 0.276752972270087
0.5675258963163183 0.3532550197725528 0.4623515883584556 0.3181160430659954 0.3750936648187685
1.1983619821270413 0.5248210421268386 0.9314111255909832 0.3088964260264975 0.9406653212128809
0.7901250095165406 0.8181624873091776 0.1342077859603814 0.3920644507310572 0.7711779237364282
1.9937370583480045 0.13157991432604188 0.815124258292282 0.915181089410146 0.9272927969728723
-0.0014017549375644894 0.3749217242229058 0.19869606749511004 0.9026164386791106 0.01321206437236222
0.4973406745256792 0.33604251958153764 0.7667864573682894 0.01863063349492755 0.3756405562779459
0.3067299742150018 0.6245972825076418 0.10311895164878992 0.14001708733848628 0.2924049501447066
1.6741501621134562 0.41243546269417497 0.16237104058996543 0.2926137494179356 0.7881795140846198
1.1131497996428492 0.011516210091214951 0.4249730727579133 0.4117263257440972 0.26804065967500423
0.07534998226846659 0.2491085254594051 0.48604363024082076 0.22656422589077108 0.034618125768602015
2.415612673693796 0.10400872724331423 0.1362280484302425 0.7450245372059854 0.8172922729918619
0.8766962564222727 0.031591631328260705 0.5388921360681965 0.1425419545437583 0.1995100864490642
1.0597583733269607 0.2743092225263172 0.3641005109129055 0.5748619358874655 0.5000687131350181
-0.21976955617204275 0.8963500542317434 0.9507723484545397 0.30282773017306197 0.6557642020908043
1.8613704636025439 0.20387651446924482 0.029326969016677085 0.6210957306500494 0.5278793308681786
2.3862898110920696 0.010616724967910107 0.5794002368287272 0.5088810119579105 0.9266601117743667
0.018259215743696267 0.3597145953306816 0.716828419713473 0.22478753251271066 0.1765666376197238
2.598710696401735 0.0023960127700174416 0.04056422885173061 0.7930958236690869 0.6916462047191736
1.3038852097967872 0.11467768205993023 0.6082371234039564 0.341169378638868 0.5180247749827863
-0.5232507261673075 0.6946168110578497 0.667998310224123 0.5347416118587537 0.2778355320132069
0.7002902394371702 0.7142197142417273 0.5613206881046283 0.8694690249839176 0.8746394762062242
0.705705387544352 0.1890970351377328 0.23741945683132737 0.6172453950462705 0.17022858222735893
-0.06795185638434176 0.9364337457683876 0.08279143699855573 0.9700567159272718 0.4610098111004648
0.7572301381779913 0.4751312846116673 0.6974293689818265 0.34336367565416936 0.6526756365801603
1.3051106459633883 0.3599228742788505 0.08234057731717093 0.9927873698525621 0.5114515767341431
1.3282177277528042 0.06025548246494716 0.11959966481026219 0.0412050497717229 0.19942438024252296
1.38152937181291 0.6048552330931886 0.15866090901530316 0.41677885486213095 0.8537433425680336
0.4561733954675258 0.7945335979242856 0.954708180703517 0.3066388664638088 0.8714791268997791
0.36917852660078454 0.9326563542455505 0.017817864942125783 0.979428283227719 0.5825585180018092
1.6278676840596888 0.05732215439949084 0.10040456421458843 0.02018950079745563 0.31752546274319515
-0.7411859751378124 0.5964778856054433 0.847200169105555 0.7533125150130965 0.10754973364266962
0.11106365291668957 0.24803193493752507 0.7432572379073666 0.19302964491235108 0.10600039302214925
0.2586548503988939 0.3300895494540773 0.26476306406462413 0.9721436199423977 0.14123812687174897
0.9536623635770386 0.5326082313017173 0.2032249407637079 0.7037381912835683 0.6269596430182424
0.5806553964887047 0.8118420568131756 0.3576752105733647 0.2147762711312302 0.8127380688406225
1.8986176965845176 0.01667510411023787 0.9152529494062365 0.333310196987497 0.7417669699371549
2.5250239103629117 0.05050543419962106 0.018543707054606617 0.5646502954460001 0.6653666975485804
1.2467589819303615 0.5158242187291706 0.3360274280625486 0.23882741568824062 0.810244120504302
0.33565861896116145 0.7409138696449054 0.6232393973319738 0.011900053334990557 0.698004806922204
-0.3997181058673339 0.4644301063221046 0.862918816180758 0.45979583536015034 0.11834464532021594
0.3611955425739172 0.32542890166132565 0.3800515154228641 0.6748746488147926 0.23350917302895824
0.9292716109463653 0.7089924248580955 0.0793694557522493 0.3117935360166392 0.6600426686593753
-0.5994330017527622 0.7407235472548085 0.8812754118226342 0.8321961789482252 0.33345687421298165
-0.04128853691531731 0.6449097473227567 0.19490068242037994 0.3841341831456435 0.2475532073171176
1.4972044470119665 0.42836166426203603 0.23205058740747775 0.9953367152274487 0.8126515107795896
1.4239745992784651 0.0915295148222749 0.42457887989483134 0.785398701635163 0.5189431878822194
0.4853676421874473 0.7049626020976454 0.6181051712236646 0.6980044253150719 0.7674247508880296
-0.20034422420264436 0.624101313789752 0.10769863021239179 0.9024999847361398 0.0951248498263717
-0.7628295518497605 0.7181916865527531 0.25097294107368273 0.05087978153706341 0.004068323005907204
0.7372641065005243 0.15494463007814507 0.6655405860866771 0.9589665219341539 0.3334809119142489
0.5316513187543321 0.2397634785465914 0.3563041680336456 0.8405238447663139 0.22202659974456496
-0.5773018266452332 0.990216691675128 0.8966934657772879 0.5018097167840407 0.5900029481406349
0.9775369711740514 0.03881000855913197 0.11459040467872872 0.9583300971104771 0.052823066541817676
1.3275051529816158 0.12007387676872427 0.1146727005722532 0.03476432363045534 0.25628638816008353
1.4607286181034842 0.09257160389983277 0.03183955486433887 0.9782954957755658 0.24159620668596604
-0.3477980737478436 0.5971713565304623 0.46603381403012145 0.9805013809534405 0.2297927508434755
0.5956531512656822 0.25066541271611653 0.8981153946412623 0.266615962999287 0.36133290432231646
-0.11784183705920348 0.34744827701397907 0.6404271406107952 0.9409462215536202 0.12225785717278226
1.6760150099519997 0.09500468120007655 0.7180206529494019 0.7576432367345609 0.71680246345683
-0.6464556701865677 0.8101594174755731 0.5294790754669504 0.8419911895547069 0.3239011749880776
1.7036244013724016 0.06257779534051466 0.6094720684337295 0.2010252279732777 0.6464224787186843
0.37156117714940207 0.46660833629832177 0.07555757214104108 0.1371995164850327 0.1264675093226384
-0.015886380985210113 0.7826819444361697 0.794171305964703 0.49433431894334445 0.6287078147298
1.1568096665707668 0.4924604460831482 0.4626385191089295 0.24248103595340875 0.7975195611402525
0.4306018255092363 0.8414022534140055 0.6661465975096298 0.15721256320785593 0.8651562502059252
0.4651932551292607 0.34929061008580775 0.4908414686424598 0.5361500330651574 0.34332432029559623
2.5179436086674927 0.1065443350210118 0.0541228759576885 0.8022188708377397 0.7802196858654786
1.1631761179141322 0.5408477910195892 0.39393411081094 0.43141049960904654 0.8346105156588343
1.5632322391982942 0.06063372723772409 0.38355790436340864 0.7745684628326077 0.5350927487422796
-1.1873785558218655 0.9361984689824424 0.9484770974989134 0.3212640004601871 0.2375686797183545
-0.18325862440678609 0.9965937609316488 0.08664028842476801 0.9573467155443117 0.47292778288407655
1.506938738612374 0.5683792037973187 0.15201712074037332 0.5322694173048688 0.875227043317417
0.7593936838394844 0.32319189867908726 0.5988253522210278 0.6738925311407549 0.4924757562187583
0.6312393773264899 0.634386747794389 0.7822124285778062 0.6933597308169741 0.7902481659049954
0.0603201497973016 0.38461313734000235 0.7067052504329266 0.24585425747723766 0.22221679566722408
1.3050566904563203 0.31183620842808324 0.6971128775392463 0.1189845718182575 0.7300937417329119
0.6679142296359537 0.7956376412429864 0.37912345547258985 0.041458825055404214 0.8377094291412036
-0.22433774932717776 0.7689173216127912 0.3124865393107682 0.8152723223537865 0.3921944050528492
-0.046188987891555455 0.8537593050803789 0.056718978840003986 0.14334387274776028 0.3105792981289156
-0.8212999790496774 0.8206298943905457 0.7411798059704297 0.199034345966575 0.2619121003402187
1.5261850373615173 0.547776001569906 0.20350567367453043 0.5941697943061087 0.9101173255055337
-0.038327230703351534 0.8213179476640324 0.44675479599766854 0.0186059830623313 0.5547126313213991
0.5283909138781528 0.34446578310634646 0.48674052528378253 0.7749333741702548 0.3791964217356142
-0.7150288706515466 0.9652282222737265 0.9598818232785972 0.019989030118428563 0.4770354383582297
-0.16629792572434626 0.3984954583694629 0.9087447510851403 0.7331041944925542 0.1787359798342032
-0.5145776981731851 0.5347962429389834 0.6453560996540927 0.4543422450743825 0.10601145168710224
-0.35347741481655226 0.8570768050712478 0.6541364843196964 0.3718151182314543 0.5176687840319187
0.9750954935937713 0.07080016558097135 0.6895330417327088 0.34180162672484826 0.3314138961229107
1.1085677756964878 0.18801626042567132 0.9797667944270279 0.43605617714959 0.5554795028554972
-0.07464526100575668 0.4979314110694999 0.09184163093339115 0.8010783797433575 0.0004958503204745002
0.4842538229606488 0.9010170379846792 0.4894160481631207 0.26486633952299066 0.9154753702084409
1.2127900930820765 0.576538800278157 0.2659164451395808 0.15528628228048147 0.8122307072937397
-0.07662116652781015 0.6914391090081257 0.17067723923359834 0.05375920084494845 0.24087627442241977
-1.5102149288862516 0.9058713961553293 0.9552813088279033 0.5907800786889628 0.06680843933626912
0.3740568102332199 0.46607102332658545 0.16608521445891566 0.6298064582912541 0.24638015948798875
0.16797294444088595 0.8324573650012491 0.5246639758392447 0.42972391424518863 0.7126467356641786
0.5981637832813792 0.22336991518386906 0.16463672229205162 0.042928423267748816 0.06589501235123363
-0.8516439596373 0.7734643109168091 0.66725556254309 0.8194328935976967 0.21835570448581432
2.0906354061906107 0.300768209983449 0.20652156316915404 0.17583575168326926 0.9001311849328754
-0.2571685559697703 0.9044932340770325 0.29119720536349325 0.6340327023438319 0.4971462662699633
-0.09491074304692548 0.7114998016816161 0.3733262538391431 0.6403323525315637 0.4159320592312814
0.10742101424014194 0.15554222667266704 0.9682716563005889 0.05975745692024392 0.023300975163681348
0.8370347915162281 0.30802650903749684 0.9294519901759104 0.44663415801104756 0.5487041048812376
0.29499028285662665 0.9203457439452701 0.2522287502722119 0.15358979022897434 0.7261938106756743
-0.534148526015302 0.9218530681613495 0.5827125917367872 0.5752450263952981 0.49485222561882247
-1.0439717358451193 0.7026505955280562 0.5885895125853864 0.984981039022138 0.04420496058496848
0.7322557190482291 0.27830515105841613 0.9384352822258718 0.6884848028004237 0.48090081347466107
-0.13025286848720918 0.2848928727152099 0.6719312475235864 0.5061477286127385 0.03496803903992651
-0.6419722500997651 0.8224982647161887 0.6117631752730488 0.15600858999778566 0.32358658490741155
1.6267757654909807 0.062028470718250794 0.751521079410755 0.9257073957754415 0.6720536137740063
2.4607653437279007 0.16641272273780905 0.11470406220198437 0.4374274729438644 0.8666161896486262
2.906902364476214 0.002279109153831116 0.18119803633223075 0.341001827886374 0.9645528327122969
2.6835231602563816 0.18122371737940823 0.0776265750206433 0.2912869126221156 0.9393503594391854
0.24883862345563093 0.1878690727725938 0.7513317757772167 0.24711126987117726 0.11271227830139419
0.4959219561021271 0.7663008449901199 0.6037628587039684 0.9089144179539381 0.8439983200257688
-0.6830979043118395 0.7578924184612391 0.7948333289857377 0.7231226384163101 0.2968469829823057
-1.1464013713453145 0.8264158144728372 0.6579267319565649 0.19053201483347215 0.09881369403576235
-0.36416606205699464 0.8485588801883244 0.5383963323017025 0.9213016036821378 0.5049125262751273
-0.7986396437152773 0.7226584193673605 0.30855985656017426 0.8207179361089746 0.06830982134268926
0.7638219992990196 0.3089120143316706 0.011996092346960086 0.4425895596044995 0.08168926099989793
-0.0827140019140662 0.5012590618858206 0.5729257111560113 0.49106974568015616 0.26243159226392354
-0.531212503216395 0.5296834730736383 0.39285490912629895 0.8868748654804554 0.03876098609908529
-0.15567165864680588 0.9823970356769168 0.3445263572657209 0.7972727659397629 0.6647322074485853
-0.4147604530819031 0.7100034964652462 0.4942866948204391 0.10858119169182723 0.2801656844379208
0.6069427124650995 0.3423452335716729 0.6802171218681914 0.9995208729959335 0.4723399707909428
0.2958080517948402 0.37039413308891767 0.7810071893491772 0.33137748533225786 0.3348820858759637
0.45014254612304405 0.5841624519153575 0.7251812310287903 0.6858753902566066 0.6430077627931432
-1.3987391791763852 0.9560416778227123 0.5760933018549598 0.9520581479095672 0.13614594684877357
0.24923716663681406 0.859441501787327 0.8768989124547042 0.21791579914634052 0.8295126691311105
0.7345373311948478 0.361465858477117 0.2984918641305192 0.04889280916601868 0.373289320452191
0.18762183029292978 0.689746173696987 0.13962388110155666 0.23271488991867395 0.34637722877023813
0.7084673692128967 0.7867056508302641 0.6918956715995057 0.6581977320993522 0.971421297993558
-0.7315844883333957 0.8410015333200356 0.17220147452208245 0.32677389441863314 0.1021099162362683
-0.2259218726602037 0.920528244351252 0.7640790016584413 0.627525050490878 0.6761026522065308
1.234596642461971 0.12547696289640575 0.23081485440615845 0.42488366399925703 0.3406596480793599
0.14452322997010286 0.3369848084388066 0.6933635450466099 0.6729688188971905 0.23274016438433298
-1.4871593325408738 0.910731564492621 0.6899449538617815 0.7283544957331334 0.059029219367748076
-0.4477938693991682 0.6440634037569857 0.2576069780910767 0.40329084876563737 0.1002667294483558
2.530845197883347 0.03308277608793231 0.4725883017018181 0.6537203988824017 0.9957403819230921
-1.355642314063604 0.8263510654340978 0.8638216469858208 0.4829266416942657 0.0436055874957374
-0.6080698831342 0.738757833138995 0.303641409327879 0.5621775176345211 0.16003952074068228
-1.0013162841935634 0.7673598802073065 0.8983803503011123 0.685101278934416 0.16421071343136195
0.9009434368534075 0.2343021904958934 0.041268537126261995 0.7291074864651284 0.1238684216428777
0.6095112391768704 0.028889213819359716 0.6110640300504412 0.06922902367251071 0.08311210346949016
1.4036450820392279 0.13959870192090662 0.5706296705833176 0.13082213149346267 0.5712504859292301
-0.8836299482037698 0.8388094624112078 0.9247198175676904 0.6490507911506127 0.2955237671951282
-1.2223955474775483 0.9583527655008099 0.2330968115681169 0.6181039363359688 0.05492847144111157
0.7744679269926035 0.3142550057113931 0.9794663758477246 0.7755426711377899 0.5460542779938165
0.8810154580305926 0.0022732805056543404 0.19877439434337285 0.21617089448925786 0.0075114980839599
-0.23209765484250666 0.7546074435569012 0.7895796727677219 0.7497639439659273 0.5088501936052967
0.6611348869658151 0.5838234887129408 0.8766892923887456 0.38963421905817064 0.7462074693882201
0.26610863495897186 0.6242887952633612 0.38340738114573314 0.411115513718632 0.48912647497939477
1.7740379765403498 0.16118497936649945 0.15198731075473992 0.7033401386126608 0.5845739895090745
-0.9431895438889211 0.8984540850113921 0.33152093990650533 0.20022289917419922 0.16377396792699217
0.9146027315391971 0.405716538394969 0.11629205466096326 0.5221470464205046 0.3871536911801303
-0.44562016569276075 0.9772422922264498 0.7073058802273366 0.3450407055890995 0.607628674808461
-0.23355182742549707 0.7848444505530277 0.667219472717999 0.9396263261029255 0.5304621010754275
0.5644432432075137 0.7614507871772367 0.9168345600472942 0.012171847246370882 0.8689977863410185
1.1550231680841563 0.3808956556364199 0.5115778721024051 0.7412093519895478 0.721822471034266
0.6631816332011413 0.28875351735827637 0.365394996469828 0.6902217330251215 0.33286755537749535
0.3042102068144529 0.17040858389473135 0.808347199989012 0.6342525520141248 0.14866140666115646
0.4748761923538021 0.19439805475448446 0.21248576059299173 0.11374659330913683 0.020443554852295986
1.3633216123434662 0.4122358041111256 0.6004027297650057 0.07325159905567824 0.841518104857331
0.9982743389669275 0.08844861985555963 0.8901119791223194 0.9323178939385607 0.41663307232709845
0.7257432674701234 0.3557112249964519 0.8551317444149554 0.3490453806121655 0.5336960200636506
-0.5630783867252882 0.6226686464400228 0.901373678358898 0.030965257603297713 0.1864307204750053
0.5716904460642613 0.37830678685072006 0.5551052310636815 0.677497873938238 0.45032656384471026
-0.9526462479693136 0.9962233548641357 0.5043063271240853 0.7866427295243725 0.36285868345432293
-1.1606107238094316 0.8090496542440105 0.7702917672780544 0.49113079625259204 0.10799345887054146
0.6728505148631152 0.002852845760073275 0.6965991172003809 0.14762324115342795 0.10686032775504595
-0.6945746748727359 0.5485329664631985 0.8265486629070993 0.16622641854558728 0.04630948095285503
0.04040041341827472 0.9964619443456476 0.26545200553465187 0.07384463493698568 0.6890029145188913
-0.2815208112435188 0.9102560717158523 0.9431452023284695 0.8702312070049251 0.6695975121997157
2.5103627551786447 0.008405822879017255 0.5479890640860116 0.18606803695532625 0.958044812154487
1.6955009277646629 0.03689000255342001 0.48717167132191397 0.9368309263686065 0.6208121955705387
0.2086901590740734 0.6115238274194505 0.196252332995013 0.7527625284681622 0.35177738501520195
-0.6038206943015842 0.506228773044238 0.9999667054353055 0.4078802904404698 0.07327488323789422
2.168761518880989 0.07583524445320833 0.2806668419638161 0.6644109825618517 0.7793654177098852
0.22477400496810862 0.7746473988352055 0.2527927970065883 0.9740659324698211 0.5829813567450062
1.097792698956288 0.8122071835009746 0.1728438020972528 0.8938601017682342 0.9727438422129921
0.44816472042248745 0.5098368978075292 0.3391574150512827 0.19321945497144022 0.42279775126524155
1.179793468979051 0.1413505162461941 0.20279775138733513 0.4666015209882918 0.31218532769035523
0.6756125284662347 0.8547544076500028 0.21680422742318617 0.1512427311692105 0.813220556947665
-0.053231895904851334 0.7835450809534132 0.1163162606428021 0.9317548449471749 0.34269586253305684
-0.38867568502466066 0.9045111757324656 0.3672013968433736 0.27870219854450085 0.4563009732683243
1.5265908136212527 0.4606739923483989 0.3657886276488682 0.5098922062702832 0.9150347008616228
-0.748480673860356 0.6908531496900139 0.9508254199216987 0.11240762128850434 0.17821391099851214
-0.6526893044407814 0.7871348707482757 0.6615650494210609 0.18855938391969906 0.2933394271504909
1.4371713666267758 0.3262746408297099 0.5816151293375158 0.9952677676663064 0.8302330210012319
1.086349562777808 0.504617458721117 0.29772816210594455 0.9131878510960392 0.7357681364125933
1.2075049555403408 0.3506614993296906 0.16996580897530666 0.8777521210310141 0.5381669282668566
1.4095841180712303 0.19005115530484573 0.9855821752709575 0.7632170287105026 0.7181763682351961
0.46266327553415376 0.9966450427763561 0.33305965263448933 0.6628570811023592 0.9614397211366773
0.9769314552583622 0.0572691484934339 0.767845378122384 0.35138698248485656 0.3305394580453527
-0.06663455412231123 0.2806485518425731 0.9570285112782301 0.06834349672671236 0.0711483147415819
-0.34856904785287957 0.6448078900300939 0.3451836152712764 0.9540880296240539 0.22719734274768477
-0.7618057431194877 0.6406801554032738 0.9459804522348806 0.7099040384530093 0.1507407411407211
-0.12559364794563876 0.4718832050974119 0.8827303522686264 0.6822692126494675 0.2701027674810288
-0.9632952321016719 0.7213782508837202 0.9367230411926606 0.44811201114955834 0.12509800757330902
0.5960836707840003 0.9201191409448963 0.027908846353057015 0.38286435177020484 0.6612987341058217
1.9116812089807094 0.18720965222721442 0.270454236819306 0.6488461841321763 0.7664039157013023
1.8232978259181054 0.08373164598314231 0.5647323043792504 0.9523752882390432 0.7537826626482096
0.7901303217725162 0.7301631719971738 0.5464442550966877 0.13857434975076222 0.8919584156636956
-0.054300520328749324 0.5087615776946449 0.715756844864587 0.23479656025393847 0.298539860689802
1.0554888330855388 0.3008779483233206 0.4805949878338811 0.18165609304466968 0.5513205509790916
0.6675534072518308 0.2297294766729312 0.31505012198097115 0.5421706283303557 0.23963167083984882
-0.19550656421197787 0.34328925398131915 0.8741868914067067 0.18158027171616087 0.07473237936379884
2.3291304697817186 0.10081216793544001 0.16286849604971942 0.99462368191501 0.8098705187020911
0.20740732816171636 0.9198356589749038 0.36651770361443337 0.07241737813581994 0.744438385698733
-0.6594587566841926 0.9180903095435463 0.34421460204933363 0.7003180545450193 0.35245769775472346
-0.47421437953973666 0.51044791095534 0.4536337633994231 0.34250155270906646 0.041927493709315145
1.8536049672570014 0.19625978116006915 0.4050688439540864 0.5723793207503983 0.8145199083567142
2.2039168852673505 0.16817556702921832 0.148151864476741 0.7351244320256876 0.7946202471926902
-0.22257738502747526 0.8744537207418231 0.79468931884577 0.834610340860973 0.6437802897424086
1.0076281097008253 0.35982080827570984 0.9122975883759366 0.5111068869909716 0.6861663358811402
1.355623006957716 0.07502502961932755 0.7573234915911802 0.3912552372632758 0.5301722082036192
-0.6698619041596008 0.7631989769517011 0.2791057752656908 0.8414825468645224 0.1556146316585778
0.038922342941832944 0.643205698848606 0.18286693465987847 0.3063514651784892 0.2698307409424213
0.11761648506636702 0.9591581408735758 0.5508548077721924 0.3824757382433668 0.8261229443212482
0.353738609885647 0.8704926352358644 0.12496789537319264 0.8199553798812732 0.6309806439374412
-0.4501745719946568 0.7652930555345471 0.3287816295443321 0.6288820623281922 0.28039083463122727
2.224223182216739 0.2459703806574225 0.23471334345230754 0.5020213553392004 0.9450156537436218
1.0451938497641917 0.1629381344197598 0.4132710205634701 0.8264603096366604 0.4108739800785681
0.544584273422897 0.9208422479206663 0.014547005143953018 0.4153003072333229 0.6205707577282263
1.4667545753124571 0.35961393813862375 0.03084917949791277 0.783867357516958 0.5134036188117165
0.5028751536856222 0.13056863470944924 0.23373836356813493 0.6514398038573733 0.01144783125418869
0.49706840567076127 0.7019254399650897 0.014028454353520292 0.2606933001365198 0.3595243921409583
-0.165257105507008 0.7348007006135943 0.9187233255433706 0.8283959585544488 0.5371348101674581
-0.3191339499789032 0.8018525460664722 0.9389366514232741 0.9612286082804595 0.5421993717069816
0.44684186830699213 0.7196819463924398 0.6304784975092423 0.09989027740541301 0.7351994673823585
2.185595911100043 0.05592451004690513 0.7967656780303872 0.6876501022139804 0.9259454591634647
-0.16133729497619542 0.5238488107174798 0.46829674520130604 0.16597092786368195 0.20045214453778815
2.1681569852038716 0.12034674574336879 0.2887043632535392 0.16021340060365474 0.8037933467709504
0.089143042983584 0.45933565285989375 0.5996085764457675 0.2631729011643499 0.29447702530958675
-0.39023601814069764 0.8477819286920978 0.4351291111675011 0.43956635328551286 0.43364404016517244
1.191144940738973 0.20215558116783816 0.32121129161148665 0.5247149897415452 0.46255798905074286
-0.31883311200825526 0.7318974587135422 0.3147670543681135 0.19853355431427144 0.2774227493526158
1.1603443583684665 0.23272604891819515 0.2311993641379908 0.008364523379503774 0.3949941778377125
1.3951703758546974 0.10523120016893617 0.6144780404943936 0.4434790454520431 0.5584301511619675
1.4149593148787167 0.6647025486835693 0.05057150970059221 0.2166314250382636 0.8045998895380794
-0.05567845040002495 0.979921894049844 0.29281322233453777 0.2734629102587993 0.6540345653605045
0.8583311330423233 0.506859066741868 0.35564021411709534 0.534459491204259 0.6415927693149219
-1.263731244522843 0.8690341311006223 0.46376559487173896 0.16874553618541688 0.0357112826549949
1.4687092104533488 0.023725429090998507 0.6584410396743764 0.12834047296916018 0.4998287014269933
0.5242840242884025 0.6030353036581774 0.14191384583441835 0.5055526405410905 0.43268492686393367
-0.9521784646241706 0.9218074253994708 0.8163140117990803 0.9565359549868558 0.35446515148443236
-0.7049436486497009 0.9189708553670828 0.303849046253155 0.20621779493362935 0.2837852805425698
1.2215652779555668 0.6024695613389203 0.43278813164262786 0.993106643719049 0.9711330028224054
-0.9044567396914458 0.8012017117620149 0.7238762723963507 0.4687950249461702 0.21392337968603392
1.3272175673639288 0.3197406486032185 0.8636937530610597 0.8524115737985221 0.8091744547051112
0.9309382708426142 0.5664910623908465 0.9038330887025567 0.5122453209683085 0.8654874101242808
0.6782840698607887 0.12473515202947805 0.780530581641083 0.19969130740748242 0.25240319461990657
0.14013700770188853 0.8146682651124094 0.05938666587603336 0.31263536904485 0.37098380787179486
0.2936101707336888 0.3009408707470195 0.41778713550213764 0.41740337886699264 0.17843110366559023
-0.820792292134378 0.8722908607433342 0.7186719695473437 0.6356470015930837 0.336086680879332
0.46521347421630227 0.5138132941498917 0.23686606750996375 0.4562605798422419 0.38711840841682277
-0.790576873288187 0.9491576883864707 0.12556167018549813 0.3677135143190514 0.14579392408472314
1.5294503988271255 0.1989690746046887 0.7061430669376215 0.8268729039977986 0.7574600004376771
-0.24963105592060575 0.6933789643486664 0.9896627696593997 0.3402726504448349 0.4336984615306677
0.9923674761113213 0.2887838780353953 0.11801560312760984 0.9261753745187489 0.3237683931540596
1.7199570501773436 0.1436539600285689 0.268363720941298 0.39942810249440375 0.6151280496421815
-0.15615422641994803 0.8270109240124822 0.7387589696976898 0.24791514773256906 0.5876677352104434
1.553797453818369 0.15396662837459463 0.4801170365141866 0.6514589253221046 0.6595272015257936
-0.3629125300489817 0.9425761921397542 0.6205799816793279 0.336131237893857 0.5940431507345323
-0.002483640213998717 0.9610768223932751 0.6771162515826118 0.9960114272384011 0.8296143145167489
0.8345690280706387 0.14969151584892715 0.10397563286961076 0.4232069113297683 0.06258469675898126
-0.5659018516803666 0.9675531657549408 0.33303319189272595 0.13956491506876756 0.41325281461463204
2.5998519515202494 0.09134953442583327 0.27770550257030646 0.21601330792857498 0.9753140232909067
1.5547893161939372 0.008005772219918605 0.09144171340958873 0.9385896701953573 0.26943182618227257
1.1739150149623998 0.42987783161267623 0.22300320813494545 0.34235017245151467 0.620516744288484
0.45535992836136874 0.8412674181354137 0.6401238431002144 0.8544295774301178 0.9082805391403992
0.6666884418673956 0.002403096245493397 0.9323727338039371 0.9550141547364377 0.173301801731351
2.0262948951391304 0.06173336102101923 0.7629113113202188 0.6281945644037323 0.8487723963446103
0.9094416701983059 0.17223794364053346 0.9150096417463347 0.8653765322062965 0.4610475446707296
1.1237223066217452 0.7111186314774717 0.16733497054970348 0.9330362993027432 0.8762581442761194
0.5963860252657249 0.2734640650243433 0.25011273960384073 0.2778712525784851 0.19743863399308803
0.5959100011306319 0.36727358642266217 0.3492737093845306 0.42149711786761157 0.3613095568011535
1.0634133819317249 0.5548835607860758 0.866767267353385 0.11952885763482657 0.8917102881255732
-1.571618477777088 0.9279747951819373 0.7416174919123488 0.020952890340039998 0.007148410086259993
-0.0662837984077631 0.6775340894176339 0.8296063872830918 0.08841019489778901 0.47662688783741913
-0.3890086283588896 0.7771194718237467 0.8289633548809753 0.09419380527547128 0.4275302725688406
-0.7304894489013303 0.5537741360522926 0.9486189889268425 0.4595782547326944 0.06190007702725653
2.0237808027407165 0.12819542171028953 0.9662738611152244 0.7862090024202893 0.9456460055376037
0.8284501388931808 0.2661319695129084 0.2669510140879384 0.011184838274422071 0.2965735349875682
0.4776216092546495 0.2004904772622894 0.7105167905309697 0.0804391175569158 0.2194619686619773
-0.8893493441427581 0.9438622354771616 0.7779649076249757 0.8492050065719379 0.39758304451523163
-1.1414216148791234 0.8262744721420322 0.4557024486213399 0.07442520770603545 0.04103122698050832
0.0681981623113006 0.9764495753676028 0.11041940281839269 0.09631355189827895 0.5527841217816257
0.2150547430479428 0.6632499297540763 0.835138370830891 0.8709441761234676 0.6373806419792308
2.7002008402451523 0.24063955653771096 0.044959055371621925 0.4658411269297925 0.9785706115838839
1.059308673428442 0.22025549868136307 0.7450618116362181 0.20817191212116037 0.5295436479598928
0.12252311505015445 0.7491045463647592 0.9736409097658956 0.9187911027614609 0.6977850665720648
0.7746835510937471 0.09401727905804236 0.8416420841176423 0.6260769090372759 0.2959839108287289
2.5025821741177943 0.015133679868423955 0.45386143240881893 0.34657252527967597 0.9408502007591144
0.9489705871705629 0.27878940204600444 0.6380190347067084 0.6819364713692205 0.5450526768548691
-0.7051303660084985 0.9204783989284323 0.7304628016325888 0.7045285304705433 0.4469546382667905
2.5132827285043695 0.339277491318826 0.017817477602035114 0.27416476092066466 0.945834263323779
1.0267268557468248 0.3971231114290733 0.0010750110673287683 0.5885880102778154 0.29092083224026
1.6177378841551584 0.5051508064794499 0.0749930345107015 0.690775111182783 0.7890466778938033
1.3814389595700396 0.2345973255897269 0.46622307113423944 0.5724921271355795 0.6531674749111015
0.5291622019390977 0.16104465939229407 0.8956474480093534 0.960152838997408 0.27114055232441203
0.40495817467396655 0.7970184565620017 0.5250332553400379 0.9506135807373454 0.8148179193325489
1.9031760827021742 0.008567905341932858 0.09808693400988966 0.2134242889393081 0.4058382892501614
-0.4912887651404445 0.7053967728475125 0.20437104458688593 0.1951946044447309 0.09392518655268933
0.5422809712548745 0.11234236809215126 0.8506829717805815 0.43074950693856684 0.19528364819434607
-0.5725648521156185 0.6617406393130673 0.8710538612413522 0.5814649373594366 0.24989162197390458
2.408993158272295 0.17645344250809092 0.13930239485803053 0.22447310362545325 0.8656746071614367
0.49655722163370986 0.4726713519562187 0.9583529906669059 0.695974815008478 0.5741798271196248
0.20153828237500188 0.349020955895043 0.3820608921691526 0.9691393115166993 0.19761692011817356
0.4383415145636783 0.524086702678045 0.8844071530844484 0.2339834338737461 0.5698287051719783
1.7405689836715836 0.7089123424770151 0.04024321351042015 0.3333436889285186 0.998939014017615
0.3687009126099412 0.6681486557835016 0.6173212346176188 0.011756450314327926 0.6362388844170057
0.5563202904604565 0.5016157026488729 0.7745874371660612 0.8625883057197961 0.6229056583822532
-0.11206088603298059 0.7799602724622582 0.8901186282435768 0.9556919842657307 0.6134689163553133
0.10825178688007853 0.7163023172784917 0.19957718329589347 0.41609505360619414 0.3990237672405076
0.5318293652445161 0.17944698452290297 0.7906648198680688 0.46399509394720795 0.25553369668637993
-0.08593200135598944 0.8436683286353814 0.10662928172207453 0.06703966716425547 0.334603989633143
0.46009776348934794 0.8517099240654376 0.49371545249965954 0.3518121941661031 0.8584037755615974
1.4269849196417206 0.5031532090284875 0.2420049605929574 0.36201989349446184 0.8325421512640871
1.0885940396695528 0.06127217133280172 0.3007925616756416 0.48287823200339863 0.25244195956336324
0.31570930807832 0.6696976527319898 0.5387885166894355 0.5144442556956564 0.6209249956653558
-0.14750835596904222 0.7421149255887175 0.8585659838979157 0.5572515249265539 0.5340131238373607
1.9974071390270618 0.10516200378177443 0.30136525744108933 0.5317139847630593 0.7340773001321053
0.49209811682708504 0.7557787931818971 0.7865145660598671 0.7221581088085821 0.8531625372035693
0.8162119477829377 0.4328936323519281 0.3767641570982676 0.9998405642505653 0.5772456180825939
-0.3388029817272986 0.9142174550381165 0.9852555477703862 0.15650576844484643 0.612227320224682
-0.6344336925226266 0.9084213432970977 0.8434397231397616 0.8084370938542838 0.4875265308894067
0.02667355224975343 0.9799272262843212 0.43435463755265424 0.8403714427579169 0.7907748919039116
1.620163104911853 0.07907491809538225 0.024781707469518688 0.2770253401963494 0.25784169935616463
0.5280534880234348 0.528102964591481 0.4697509014130913 0.4518702441507032 0.5491847259001922
1.4236117911806487 0.46628237892023694 0.3812379524208386 0.13544347298273007 0.8587761780752562
1.6195069030765716 0.09800328719820417 0.8417362514321599 0.1216348020769944 0.6754374008583182
1.845914835551572 0.480009100450583 0.1907902697307754 0.5946639991794482 0.9811630016350031
0.40804893982540014 0.9627973762419441 0.3008860618833541 0.16692256687973483 0.855805249027633
0.3303808767265003 0.4047911298617848 0.661568296552783 0.653003203896186 0.3855965230507935
0.22033183875485135 0.2274653670974104 0.5514023011766029 0.6630137807045587 0.12327886330021309
0.2960371040432337 0.7561750430339962 0.5192702698427015 0.4517390179809364 0.693314409073271
1.830798422096337 0.602597157175217 0.008819260829511344 0.5081160295138096 0.8962937284788739
1.0694385646345819 0.1376453805989971 0.4176706672332847 0.9684371031538919 0.4046060572872816
0.394564541987364 0.1406058244491557 0.6103396588207637 0.31555699766902434 0.1112583444669274
-0.45427145865120655 0.7486044523051057 0.37088113797516087 0.08257145629981766 0.2525909076999472
-0.9204161724912213 0.7062751086020304 0.38890740857098394 0.4341035180414441 0.013672315703936788
-0.1701132289462648 0.9294525917909713 0.517479544264148 0.9272707553741715 0.676391658663063
-0.7661450215455684 0.8825338630129366 0.0453400759731285 0.8564626209325112 0.020746447027861437
0.3637538770217341 0.21166942802325495 0.8600404103973929 0.22766841131080773 0.2043135174905757
0.9988151580033093 0.5455141362910344 0.9970497260937646 0.2104371855917081 0.8667001215928426
-0.412920410549539 0.996982525472658 0.47332693497413303 0.5639124411486209 0.5993859532218765
0.1867458377476036 0.12918239731919434 0.7979475212352833 0.2745933080156744 0.029292395736210897
2.264291790323286 0.05165681306443859 0.41404660809408567 0.7216317316908258 0.869915358251353
2.1274777662936 0.1188205423365497 0.17620285547016057 0.8471075486422165 0.7372846159552843
-0.04341792353079166 0.9453643595914825 0.7084314371698205 0.4873420829085352 0.7735073783208812
0.32513368266784126 0.4285305089510041 0.1000835615044392 0.16394590501837503 0.09379911948845521
0.520620373551925 0.3153802476695463 0.5483465651583169 0.9313251750687417 0.37085696341069574
0.29888667021830095 0.08838037663842113 0.9336576326552384 0.7814042641674388 0.07984711552479495
2.103608897331557 0.23021070751559258 0.0742197425889064 0.22520890631496837 0.706893504153126
0.3477193433786854 0.8631044290431257 0.13487779880899609 0.9815197007383458 0.6380748243509746
-1.354396518688326 0.9168452903933751 0.5495458708654716 0.9824242921459135 0.11087221747417186
0.508079577628715 0.8452601421514039 0.39786724089942416 0.6557007061142434 0.8549200093980396
-0.7375793799035314 0.859564437126138 0.9026936528849259 0.5482934312880781 0.37976237184545225
-0.8379520247242925 0.7847050870269863 0.5904593589562416 0.37643719751458093 0.19788178334009576
-0.05884650293081428 0.8869841519825221 0.9175597421911172 0.9496766361177295 0.7530428713628972
0.47408299622511185 0.9139274067353195 0.29154407026849183 0.8115423481095698 0.864373943116572
1.1041623703950283 0.36682958238317 0.12390601447395333 0.884440028992709 0.4627655319616898
-0.033803435923224545 0.666322348001741 0.060140490593282525 0.2714632519878525 0.13144113239316269
0.8919380573958582 0.5232018643522649 0.5366592791915569 0.9410233266760084 0.7626789049087846
0.9109141995023504 0.03185075182902741 0.37354674633459295 0.8872411882719109 0.1952981090474415
2.0509669810482003 0.06273849270277454 0.7333021007270952 0.8256325654913864 0.8672615389697942
0.13456928581934746 0.9394326248667353 0.7335724183819493 0.6464559838375794 0.864190438401043
0.6549975076472256 0.16752614051976888 0.8110153797792734 0.8227715137789204 0.3224616933602462
0.4842987722620094 0.42017703202441736 0.3071689167704963 0.5903470332902738 0.3499404834374422
1.6446721269166278 0.32295954235393487 0.9331906811191016 0.2450705563967317 0.9383836341255631
1.2585903930973674 0.5430082743865444 0.604588315638913 0.7447746931048225 0.9653464958005491
0.2748899501395113 0.4161340945136017 0.3183427870308244 0.012010778378189646 0.22085563984520262
0.6104323408838597 0.7880963368978984 0.34358544074731523 0.06785700526194272 0.7868369563011981
0.6794337192853277 0.4558593605388702 0.42976583770522114 0.29997522337968174 0.522877346051177
1.4032542169086388 0.2074086147513844 0.2994401743995936 0.9039393054054007 0.5758674124382961
-0.6948382356385492 0.8757728727357512 0.6617587175918831 0.43278875075671164 0.37939696812990975
1.2381828193526234 0.7886861356636929 0.07205860066461256 0.7273545821452013 0.9037032827426488
1.0829640550205015 0.5983722103581277 0.11987018402540417 0.18630193906276415 0.654790041914755
-0.23411110799455342 0.6811103923238889 0.2101090635385895 0.4882615162492634 0.2112165153363238
2.6346928839519834 0.15877390538776692 0.073667468925391 0.7525787440423389 0.9119773220676944
0.34397216040727274 0.8006676565706139 0.04984897038617897 0.7022962181962984 0.46174993688717103
1.556250282784612 0.3512346437760081 0.7025546279465251 0.3704652284613028 0.9056723444070816
0.03558851922811679 0.7845528809201877 0.23789259931417672 0.02799580410926561 0.44341074697943006
0.15415421396305828 0.9307447188654502 0.10970508600742712 0.858542667040011 0.5851684589633125
0.7151385385145255 0.8788028586487262 0.29857797911849593 0.5499786340201682 0.9332788194868614
0.8973131034087709 0.6259521418764838 0.2439472399797341 0.7329347424402498 0.7295793273621697
-0.6128774840109916 0.8605875742492138 0.9620129642886952 0.6479349355591233 0.4500967215171585
1.6301492120747092 0.4463569561817964 0.2144128124148812 0.37801435530513905 0.8504867825859579
-0.014076752060770081 0.7002890519076416 0.5628544430926578 0.303554933174626 0.49108644769581744
-1.0014757429417789 0.8555346853733652 0.8662469178292875 0.5376283479683593 0.24592941863249118
1.773831284952256 0.32433013833509006 0.6456897206254029 0.4843542863556921 0.9768882519158402
0.3928864938290899 0.3284841886398706 0.20515161458524855 0.9514509542921075 0.15979915648151466
2.1144259317139005 0.07680129320712747 0.8188795601251082 0.16303699822772666 0.8886904296934106
-0.8863904713277677 0.9179309664249143 0.19242569499480955 0.05928420515973076 0.11125441393721147
0.6534464653727918 0.26133117821893115 0.6962826472366713 0.4235209104160742 0.38336921426033144
-0.5703730558532589 0.5398484357945275 0.9752767227305998 0.367330429133532 0.12059384951097185
0.43597098903997145 0.7829449729012111 0.10978650137805335 0.1746924948189844 0.5289028486324021
1.1068845114882089 0.15710599182311946 0.5868486351262154 0.9605921612495981 0.49532044243477646
2.5557831488147533 0.22032181892292801 0.06818082387412416 0.7079757184565811 0.9300754414340163
1.6903443440624613 0.059466372004647106 0.47086249715820183 0.23764434196752204 0.6005454346796263
0.09222670158617707 0.9478804024896698 0.9056227233030271 0.5973386941074447 0.8702207646232356
2.0001044374271366 0.14601208940521693 0.649105856172447 0.3385202639822197 0.8907350196468653
-0.3303865538525216 0.5735020079725808 0.31910248418291143 0.95669099086129 0.14753195549827913
0.5233917774915677 0.0919383101885749 0.5036634068870279 0.6527750221977289 0.11145818104129168
1.0747744462998154 0.29659713675504973 0.16897254906868953 0.9628494311332566 0.42156760285614436
-0.8142425661696531 0.9856538861846611 0.885511706527847 0.6425605816616267 0.4786511121065896
0.8754750583793001 0.2677690580000539 0.5630234970149788 0.6209488721172556 0.47834902384368194
0.7714688876404541 0.018053148809660136 0.7697487741328168 0.7958650909722457 0.2148418215082335
1.3601785472145638 0.05636577437568069 0.6756719923998493 0.3598805650793625 0.4982072629016542
-0.10899206389908822 0.9588152114803394 0.286446300308545 0.45481266733122194 0.6124350170901985
0.8187525064838461 0.3278308916692595 0.4061764791874435 0.031453703005489664 0.4306781740285529
0.16183339972747657 0.4829655143654027 0.13800967890105253 0.7298813338035106 0.1420394011452656
0.17508709929122201 0.23342672107828344 0.8458735905294469 0.25029559609112617 0.13705206112133628
0.5437821292747256 0.8258980108448556 0.5624590117550513 0.8886349528806559 0.9183344208748855
0.5104596189073797 0.061495609145135854 0.6266862999375998 0.7275036436879516 0.10856813350314609
-0.34633904004606286 0.7079782192826604 0.05244778849130227 0.3583245269173193 0.021318135145533712
2.31826689772702 0.01616157555973119 0.5837356882340979 0.17775712041784797 0.8832823849136106
1.9254933086020882 0.16583300372290177 0.905331549095163 0.20916861333581727 0.9032013802623347
1.2601545202796884 0.5853651218018012 0.07294806009094412 0.43471494917604203 0.687119303610902
1.9858048283617737 0.22978374767542886 0.5051001248880594 0.6445211538211354 0.9522750168739533
-0.25159086236434797 0.4487152014606195 0.3421493767393382 0.580181279876672 0.04777058735937412
1.6374851947945612 0.03999757419452754 0.7469709376299959 0.8894051682519031 0.6516655685064536
-0.42936515893103366 0.8017472557497697 0.8540355218986784 0.71448198998499 0.4698395968863054
-0.7221667188162316 0.8681277630999921 0.9180205010099973 0.05464708140005847 0.3705963189416167
0.6786609372451498 0.6474650876217022 0.6089207391862882 0.149578948848488 0.768108089037521
-0.6039762111972297 0.780233370641795 0.8170960935049433 0.8821518888715334 0.36845083352739305
2.2934872735276017 0.3050254098108671 0.04806066846352175 0.5519018039091638 0.8608575124837441
0.9687443495301828 0.25125441889463873 0.08241777323355459 0.035411595432792264 0.1875034264537223
-0.5901913602146446 0.7922791091157766 0.8312057043207032 0.5919775787516496 0.3746762071409372
0.1130117135480613 0.10547181676271478 0.9884847455134045 0.9900881902338632 0.023419569581368038
0.13497102670680294 0.6712074964147767 0.3991287633429471 0.2170801807613052 0.47220705868897117
1.8777609876918766 0.05010876752411608 0.5460826690817394 0.0654954820992556 0.6932376400686395
-1.1450570834564167 0.8239074884371833 0.87858897914814 0.2750807695040911 0.13162985030866747
-0.6130524157052302 0.670624801968081 0.5845670719488091 0.2528132063763676 0.17737778625360023
0.3289052486187083 0.3515169783450127 0.40600819441201985 0.5413976526708797 0.24990986443114227
0.43913532411487455 0.916807785940239 0.3535780181583009 0.4012180037406117 0.863413011131426
1.1565319265340661 0.827518779850621 0.05849318127604963 0.11152311165067919 0.8562476569218005
1.8818745572830147 0.11273897820167134 0.16970631036933226 0.9997602134016812 0.6156965815916069
1.8705052875685308 0.39911340146200547 0.30617311353984755 0.5261623515743247 0.9840772828988347
0.23710551483789688 0.8413370835908908 0.7273742179142403 0.712007540254778 0.8126371376726
1.4795937890768305 0.40963805202855175 0.4805391108579652 0.7900384873571551 0.8991456241688779
1.6622358196215625 0.35375086699935254 0.5961496010862534 0.5069196222929779 0.9451994291588203
-0.7506783096091015 0.6699351042035472 0.48923063937586553 0.14338941846699882 0.0785615936643067
0.11382559901374945 0.2949024413401209 0.9863268873717055 0.21908099986915808 0.1824948445339849
0.40753611556124564 0.18087699989476624 0.9398769033795349 0.25316543100919875 0.20139438487460148
0.4239249766883483 0.7372245187707174 0.30706312889143406 0.23264368557803328 0.6342373897221766
-0.05205727673248517 0.9474054344043803 0.4428616164349446 0.8998413662779499 0.7253280848895913
0.3992441040521346 0.5502406198495414 0.8557308356477733 0.6891283367936624 0.5998260233895538
-0.2550101731250187 0.9053724430999089 0.6369691968774568 0.2895003280050664 0.607327201632611
1.6611607731655555 0.039730831052136595 0.6346302377521522 0.36535744965871475 0.6165500469196975
0.12383581585972442 0.49245776518628614 0.2640962994638406 0.5938085816925446 0.22790609487856783
1.1076740031898011 0.387865621785508 0.06802531209745688 0.294084828106442 0.3941580393598889
1.0401447194666753 0.3166043483706742 0.5479500076687597 0.27105216143578015 0.5854764260845848
1.2853535752494496 0.4855650765656191 0.5996837599245544 0.48998547889119115 0.9037438990102815
1.1223555657470914 0.2989125410614827 0.9433115561477577 0.5649460015959179 0.6823093166166624
1.57210124448421 0.15495957469051458 0.7559497676644704 0.6677145560653305 0.7312107096695434
-0.16670267070863876 0.7342786589634442 0.9994909922530615 0.1789963032398828 0.5078654796199442
-0.5341904641087494 0.40522463591359903 0.986029963255347 0.7285712952046535 0.01628592054034006
0.7170551893209564 0.5844607572240423 0.7239106846727088 0.9218798822062105 0.7819053816427096
0.575825273370641 0.869449428347953 0.20891541803989078 0.7478316384751938 0.8065883386594572
1.2607352038995359 0.7127020038217925 0.08740524957842133 0.5986198392379058 0.8461630574592456
0.3922969701372654 0.2748576035891689 0.763886356008154 0.45991130399739144 0.28533957616407657
0.2026294527880239 0.8287088405319629 0.954173268293477 0.13468239536491744 0.777041896150024
-1.386320359810588 0.8989457586444821 0.6339023649882118 0.8771362828760388 0.0915664401610704
1.1930056491150558 0.792453913266936 0.14582324178338302 0.12075705883979593 0.9324424029437495
-1.2336655856832288 0.8411040796124923 0.5263533460040323 0.8865239823967942 0.07798306105582509
-0.4939501496378145 0.590814345342092 0.39301897429549604 0.8928664299700714 0.12090985769281137
-0.2491866398063064 0.6800527433045216 0.7801159514373365 0.4840681955443755 0.4077824512373359
1.2901053660258928 0.5219312393984882 0.42766826306811867 0.651178974934057 0.9005534092107278
2.009904564726034 0.22087018524268842 0.08123004821634472 0.8862839506932271 0.6949761293291465
1.5964142578811227 0.2818707937151439 0.21652572825509198 0.9909749892178547 0.6947401732276394
0.8458803698200485 0.034130958513470144 0.4907063821091363 0.9753008540163851 0.21632698219677193
-0.8880070397620166 0.7375010059782021 0.6880800540185528 0.8205503450103763 0.16712806643595501
-0.2162645293224722 0.5557913176527762 0.5136043521305929 0.6991362679431935 0.2505427060015982
0.0768317839275201 0.866162346288944 0.6814140928239453 0.5905719912968262 0.7486060262650186
0.8838273879126148 0.5918652528744072 0.5593448435257674 0.8613413728311028 0.8329512393358212
1.8721047356090188 0.28489313653212334 0.024021304383428976 0.2058213385447767 0.5884747863251967
-0.4386512449945734 0.8721778573550241 0.9397109455807002 0.8226502178412569 0.5522795492494778
0.4097466211448729 0.446697290971643 0.851680548733331 0.2656690840929067 0.473665942570179
-0.24819815066048337 0.38599762474029786 0.43701964433365537 0.7976009445902071 0.0365757591509982
1.9720102496792662 0.11183678451095169 0.9374288090862474 0.7900569320571819 0.9018745141560748
2.1796190226046703 0.2176631353109295 0.4035164203593792 0.5863135610829627 0.992254398197296
0.007712354352960582 0.5841871979831941 0.8335143997321097 0.30293439351350904 0.4263591424192672
0.033976196659469826 0.7036742086509034 0.040479703052856086 0.7491641515930944 0.20271742880648524
0.38226475575509467 0.5667176692722402 0.8518977141196518 0.948519218544511 0.6214092292497867
-1.1576282793495853 0.9044419942938309 0.23949495056383185 0.39799878039774284 0.022335159920509495
2.3602252762974367 0.215739611003819 0.13972813052205302 0.8564900610485979 0.9168814947305831
1.4806888748325762 0.07257226027756103 0.8573135094072025 0.7530601700203774 0.6177601657295854
0.39823579823537814 0.35594938763104056 0.5262555844309141 0.9331271085421742 0.34905288078556196
0.2756920720540954 0.8143482352910698 0.276889461940207 0.5323179193754549 0.6424350079490435
-0.9453673678875281 0.6334531235215793 0.5483619734366609 0.822697118509037 0.0006908808838557157
-0.40020306800379535 0.9924678104325978 0.5080790600487192 0.5179484527124878 0.6094587627571383
-0.0987821289780102 0.9795995367433902 0.91601546833046 0.9890751470553489 0.8328093728068868
0.7281437146695438 0.5485276292228054 0.0750815364374744 0.9444053663389305 0.4234955920559492
1.732064345638018 0.27511472783279 0.7397500066462164 0.495598975275791 0.9220643371612574
0.06427675079061257 0.9740476653412291 0.3204447779502383 0.31670025368364885 0.7231313179698398
-0.6318458013532036 0.6375609052110478 0.669125131259111 0.11296081577560624 0.14375634585644292
0.8553116771994842 0.08345372029402542 0.2737325050901319 0.14384523905898783 0.12980912146047607
1.3709144476630928 0.019350782769166908 0.2948699011113447 0.8179898110538497 0.35655990512557423
2.2049615066817765 0.34020040113465355 0.04937941856263728 0.32660984203222954 0.8453131663989689
-0.7539919686766237 0.9710088422555442 0.5043102205569058 0.5236037033064743 0.4176523201786222
1.8266600786325433 0.25339977099108435 0.7496660391383884 0.48690931325327513 0.945335627633701
1.2957453942368065 0.41394717450426866 0.7924632606747134 0.22229689595877744 0.8521726142311872
0.20016343584177565 0.5288248748495996 0.41859046053413695 0.2697017137493448 0.36503454648296507
1.4279804833766145 0.17082817997106647 0.21270084458360305 0.5111585337628495 0.47130212216200706
0.8970422435297862 0.5925107930809098 0.8899886462944568 0.7941435714749117 0.8897214628080097
1.00071918112306 0.40461585653477905 0.15331112008698033 0.6916358009612059 0.4719843593441586
1.233889138434994 0.38545445308716375 0.34175542492660704 0.01373288081032753 0.6579010821860153
-0.5719447652307191 0.7175943516205691 0.6417936368608944 0.9082919000034027 0.29248496218589304
1.536533399315259 0.4478671570204843 0.4248869770624589 0.19260920701189976 0.9148571538397771
-0.01941895006889305 0.912858771674006 0.5437757047164613 0.5961020226131568 0.7216774576535978
1.6950966887183323 0.3253429769369781 0.14038152058016784 0.42319145529415214 0.6934860005609915
-0.9088275604948303 0.6668606443934616 0.81475104937194 0.5843320183871766 0.08930305081674172
1.6293817452739467 0.11641631998638202 0.41547299154685025 0.6342708821608264 0.631572436696915
1.2355324988067031 0.3723478041347926 0.9428281883923832 0.34522313430956375 0.8014945858714522
0.22366433581558542 0.6848176283578501 0.8394861390216034 0.012454131682852143 0.6190989560654705
0.37867676799321703 0.7240727039769188 0.47482279721636134 0.38210030292583763 0.6813660231930364
-0.7026039795236241 0.5716378706787023 0.5333312804681927 0.42627450797452526 0.02712540172463085
-0.41284412436529044 0.4156942167875639 0.578018278937692 0.19059112958413105 0.0006424995660555544
1.6702723866717941 0.2959840832635221 0.3435153751802734 0.921587462213346 0.8207030264259495
1.631138066318488 0.481195492922355 0.12642882761983576 0.03265042806624219 0.7911106914277651
1.0551106231204788 0.15070203932245851 0.8296514772432073 0.2955430708484331 0.4701673764163419
0.037699623593624665 0.7797762995359409 0.7902157788443961 0.8369666344279911 0.6680962091032737
-0.1030616572345382 0.9389358016595436 0.6304320700376601 0.7156896050142805 0.7358225171083318
0.6603233672788373 0.24191267103528835 0.2171514588610286 0.007634421864811336 0.15608047433289052
1.3063267954639997 0.5362308128833375 0.26241197024893226 0.8111837930987089 0.8467197208814605
1.2501882787301832 0.13868355789286246 0.541269580909993 0.8687376304419943 0.52820689943738
0.561245292819921 0.6186585452267334 0.6733171977728927 0.26019628466159395 0.7010060582849149
0.3468682944960325 0.6458537232607243 0.18418686287918395 0.12651850331576842 0.41044945348007933
-0.08632785340786597 0.5353426289331363 0.5276831631364725 0.49853216667473677 0.28478091187049737
2.206452958070264 0.31749548658390236 0.04711767959227231 0.29766718931817493 0.8177630366235272
-0.5693895655118063 0.4314042792941314 0.6843054269388464 0.8960365777352605 0.0012199799607751638
2.198352952147888 0.29008937791685485 0.025529360235457155 0.04879951739413069 0.7425786068988248
-0.5086255688719097 0.7028340131564199 0.22207623463728887 0.06607295408191605 0.08932195740505067
0.6037242209489544 0.2631685148633164 0.5198733413067979 0.2455402859384741 0.3124273469529819
2.3979244341329418 0.12308943194396227 0.12384669854398656 0.7016516490569634 0.814371286971247
-0.7540376037801715 0.7782831145851589 0.6839414009136737 0.04985440272998665 0.2320838400104579
1.0596692203771454 0.7317541870548911 0.29430310297879525 0.18081915970447815 0.9209599895979853
1.7644101566055914 0.19881570188733322 0.49149677265116987 0.5851195520518709 0.8071050284199234
2.2514562430781995 0.05576095388323965 0.39167419674055637 0.9521567210738784 0.8699946375843911
1.6011473249552135 0.06446428466446563 0.5076773007677318 0.22274619887885883 0.574339177940369
0.946226054224451 0.5687846766856153 0.7297700281770584 0.13496393916641802 0.8344995005384678
1.7495263824218057 0.2867270139336985 0.5634666649060124 0.44126251303529196 0.9051787733333087
1.172690603500917 0.29745521886094295 0.10481887273859936 0.24846732347009248 0.3698772578030788
1.1083163221751484 0.3340267950227441 0.22490124174947046 0.14050661388198105 0.4791988853516217
0.573565916816221 0.6637155610757137 0.9006287891508004 0.19439051885773373 0.7797888692053219
0.23033303562991914 0.7244202437474632 0.17927738206042976 0.9920825218847532 0.47796565922466905
1.9952435207340784 0.04844492024548419 0.877692240764457 0.12011223473230537 0.8059729310573874
0.11050236179028161 0.9440644843518732 0.5351759559372752 0.136910795787064 0.7892363888628139
1.7764825436265315 0.3626107721949551 0.21764035664950743 0.09447695234201436 0.8193200536850836
2.4757641216957027 0.11534846232952212 0.06403714013002149 0.012811744110287404 0.7396270196231691
1.4357260657101518 0.45940735977493496 0.5480784933746391 0.9555299227962026 0.9586010971518899
1.429829164267431 0.07554097265215554 0.09298314851598366 0.4535928624480219 0.25790469880185474
1.895223442836135 0.1322947937873995 0.13080878624409786 0.5284935204355289 0.5827326449088217
0.05996520937342953 0.6752100630926174 0.05754797696619485 0.00655860309622136 0.16739464959199468
-1.2056989279963117 0.9674533294736561 0.7812164474718414 0.2646202773360763 0.24177104175686537
-0.13034800940235872 0.5576037827829157 0.10082399095228256 0.5240874463014088 0.03232988262767267
1.6728041617771514 0.346117544112973 0.3503568903684354 0.2944248628140055 0.8456647392380732
0.7992015186760222 0.34238116238033156 0.1610308777783842 0.8988709228851216 0.3281445743358551
1.2535772783832326 0.23967539718283282 0.9458342498372099 0.5233496388398957 0.6807708201283275
-1.1676751434324182 0.8148021893298856 0.6374162516110162 0.9703141269843714 0.11275147053440415
0.5783943795780977 0.7873179231179814 0.9382838814760404 0.34039179001469166 0.9226875155386928
0.8190692519957954 0.041103534428505006 0.3418358889283215 0.6299958209312814 0.13298630466218708
0.5799330379249599 0.6509850180423871 0.38529415546080625 0.5764710895255946 0.676049308324173
0.6308820791804486 0.018997825333523344 0.6086082333316446 0.4199564547487459 0.10160974815721269
1.8229004366559844 0.03558649120163415 0.08945300447076354 0.057722295525468814 0.3776033179989804
0.31427578877296125 0.5688165062186525 0.8782392234619196 0.39237599900181375 0.5656087126991245
1.256016492122891 0.26509846004045967 0.014098399539829276 0.6433242532330179 0.2836175037287372
1.5863203974432403 0.1989129019744954 0.28683745531643945 0.26117603102337517 0.6134715563975662
1.1854434635357423 0.30702436429223234 0.07057743887624923 0.3377702284551569 0.3519349300986906
-1.375521718360793 0.840763818927291 0.8143844817006242 0.7885403595656998 0.05954358727767828
2.9660616597487013 0.07772567557328203 0.04025275594574551 0.20845220021144073 0.9144619155589635
-0.5451383487603771 0.4950080970319237 0.7089912857516736 0.46252082376248915 0.06157543603067106
1.704867313646055 0.12391674246182927 0.2458120982084453 0.5655408836604348 0.5809492365904899
1.2775046655523674 0.12787014507618222 0.3603336602180146 0.8984690735002951 0.46476041191574824
0.6482199519175029 0.7655725550391855 0.07015517852517206 0.12089411198350186 0.5640725778640434
1.7235765397489082 0.04961431298308394 0.05714820904230089 0.8045245779979313 0.3462213234405457
-0.38623137645571876 0.7230433803433294 0.05799035298929567 0.7892719738630054 0.0473431580653203
-0.4411914544259453 0.817167027771567 0.7745660842120264 0.5990603746097194 0.4652503161255548
-0.7138084228155768 0.8427675074430507 0.29030606813689286 0.24998851133833477 0.19417020007596064
1.4720725850928635 0.37123320555264827 0.7942555016144734 0.13645841439719553 0.8868534921891658
-0.17819539757828662 0.968257650285135 0.7413704816969162 0.6281671883932409 0.7456693312459883
-0.054017569855694614 0.984800759806025 0.6323268821361121 0.29555841329894095 0.7856316679671949
1.0853592402073893 0.2698229256373368 0.0313589281808071 0.4442024715573577 0.22098821358435594
0.925560474714053 0.3140666792839263 0.25035657985929816 0.5059852744994977 0.40907423945033006
0.3485116373908431 0.41000671565350777 0.9426012329851059 0.306671252833269 0.41645502018226677
0.1557894158557005 0.9433590802291394 0.5235044343240042 0.30281744691351364 0.8158842587049066
0.8253080214906326 0.5473338897129819 0.8446234472105635 0.16714687575199372 0.7708186021570036
1.8792439246075299 0.09261709176697785 0.050341447381382465 0.42823741173737495 0.43750855224157514
2.2924451350615707 0.290866285726171 0.017603515651875346 0.7060585008074428 0.8123180640041379
-0.9391882030542494 0.9108441929070692 0.6339012104140598 0.19808643613836852 0.2816252655916922
-0.5919676206144386 0.4579527897702166 0.7358212363989944 0.891513204027967 0.02635637862251794
-0.45729242908738055 0.8231757653326304 0.254099308908019 0.7847511594512654 0.30067610435827696
1.397804512205913 0.4573000006577177 0.3525029143369831 0.41582375944896544 0.8387802797873226
-0.6197944691649168 0.9740167319900557 0.19608991498001493 0.7242290639592246 0.3354543990373018
-0.4293201146860116 0.7905309506046215 0.5698909863122423 0.30581084396706193 0.3897901609416661
0.933369916068586 0.7740812389018795 0.0808555802061447 0.9840834023963765 0.7661783892370149
2.3994489904222 0.294442433197056 0.09119704376478277 0.3132026488607993 0.9394440614467723
0.028828128090537572 0.2667038982287451 0.43281129722062406 0.6889494507936964 0.036473150951075506
1.6973835705736149 0.22050345125751047 0.6423228204310235 0.10621299593225242 0.8105027293309405
-0.6244958499048863 0.5494857101689707 0.6168087605386333 0.7332260391739029 0.07753149510428359
0.3015334427910552 0.793811536143081 0.42740712374093004 0.5694551880107771 0.7103349546378315
1.5699355164924884 0.33694585155388 0.3551382458261785 0.12193558027991958 0.7799184122002849
0.05231261427846562 0.37600074451980925 0.5005490215916453 0.4192636209098738 0.1716101097329059
0.9724980087542815 0.4778461158841276 0.7027269189953336 0.4095570623744731 0.7624526432200476
0.5872120374851606 0.6833215272862245 0.45997571926500525 0.2887378794531409 0.7278231884118916
0.2945024277965679 0.3069289222224796 0.4008375925303317 0.10852662674827407 0.16124218299641413
0.16682328341940122 0.40015959896876496 0.6284617578461599 0.7377217600238883 0.30060523314874954
1.1518392272942042 0.6372327642253801 0.12719801266255515 0.8839404862255251 0.7720426098427793
0.6552151725510076 0.4779271100853749 0.5083895679946348 0.7483744779364476 0.5848680726603482
0.043900512212578846 0.9298639958595587 0.40746300400716196 0.11621120681874009 0.6977223032343669
0.4720431635178329 0.5251722153781152 0.019448844224547845 0.4709560432868569 0.18140990013301372
1.8486658819893125 0.09711319925372297 0.2793733537508283 0.3367462247731724 0.6312657159320887
1.5244069036726398 0.5190096969304453 0.01113786930449423 0.7718907979486874 0.6796501920955139
0.8954976950284286 0.4545726635750881 0.7442160719143255 0.6263416663122146 0.7191251679761497
-0.002388280091130568 0.8662560280170079 0.6919204960703345 0.8384162855744155 0.7252751588360273
-0.09758098030352624 0.6084857139093324 0.9715709090189767 0.11831113919743719 0.4037241487456604
0.39352508646105316 0.4626530756370879 0.23060300304985648 0.8960207075509097 0.31718664967341426
1.1749641004919644 0.2895890938743704 0.825105471645788 0.24781208079600758 0.6696313036544512
0.7623160702521469 0.6458309151345717 0.8040498785887108 0.08725961216693656 0.8349800436115495
0.1182595656601455 0.7911839650132078 0.9150951087997998 0.7421800527296069 0.7266242992262899
0.5087396322412638 0.8992075094408423 0.5778726770934134 0.14345211520581502 0.9433755076032129
1.1595657674274804 0.31145098683469163 0.13446423147146047 0.969820736444173 0.4457807590274553
-0.45277559905588677 0.9656367704193721 0.011071546891738171 0.664504698570177 0.20053214452713275
1.5471992351938346 0.3690389675471091 0.8425053455262024 0.05924895722274104 0.9215178652530919
-1.0373368067597895 0.9276272033740617 0.3506801553469616 0.7254518332599683 0.18701961732026895
-0.7969064520386874 0.7637163709305363 0.2711351859498231 0.6355442384017755 0.08031598998140632
0.24786134854481245 0.8408455778349566 0.5395730530706981 0.13161664139021867 0.747431967576719
0.45618647950780167 0.544293528358522 0.6584562648799521 0.0062960079630699495 0.5561392326286613
1.1042074649649958 0.572362305926195 0.29810558635968987 0.26525401637643065 0.782075314634153
-0.07456347918724515 0.9648555970792868 0.7410322674099912 0.584620594698554 0.7891675877224952
1.0608243628757463 0.16046037320549678 0.8592707606697201 0.23608755387742386 0.48298937070841996
1.7700183467365194 0.045890471653350584 0.22391355378807676 0.7008243634086052 0.5214813443758293
0.914449439254378 0.22409622007999208 0.6313626968558066 0.9248803776385585 0.48198348851698314
0.2763695878081909 0.7310067692209876 0.23513502791347862 0.8316955880153848 0.5426459715824707
0.6742547741758167 0.3000519523639197 0.3172998909481456 0.8186348344501729 0.33174690479346447
-0.8368027452193416 0.6868128160642155 0.7632866415323875 0.8564139065682314 0.15171651398506225
0.47556495024824064 0.7849228614981404 0.8940311921528313 0.4791374875894866 0.8748693868091946
1.4447811550570706 0.06519292602435689 0.69541416223796 0.48693085087157184 0.5579195323776015
1.3401787110274845 0.6612548049782843 0.29946663349397606 0.015030631732482092 0.9743999457811345
-0.03970525736662764 0.3567631513908791 0.45511884851671935 0.20930280470858542 0.08110529300212355
1.3907874409813317 0.1493716751247388 0.5800768415734363 0.7135510343372421 0.6086415739692406
-0.27639306077889036 0.8790969953165514 0.07027575902608019 0.0846833965244782 0.24082191989592705
-0.015569722710149503 0.4249396552776731 0.47719067075754684 0.5901214988913207 0.19197021515091206
1.447698067518223 0.16749352039290522 0.6121466880718812 0.4795905217230527 0.6500672064130392
0.8313497410646138 0.13037584912188172 0.6007986543501561 0.22124935199543516 0.30125557652255697
-0.3406700523830668 0.6844801724954255 0.4188125520680226 0.22349920028749082 0.2681197909436306
-1.0295932663405938 0.8545987420877497 0.3173643669593589 0.0671109962353652 0.06160565391892081
0.11176608506590324 0.3603322649903886 0.6157680949968137 0.8297316616462385 0.23454331559693287
0.484922711449131 0.5506285939882212 0.6069028449235059 0.1530086202482186 0.5741477643259073
0.6813325147791078 0.11742133660699416 0.7512864312077597 0.7305505428381016 0.2702273867099859
0.10877534268617506 0.9828755479792576 0.8793019130100088 0.7927779495912888 0.9222485387859715
0.9560207960538623 0.529093693248399 0.85184096615129 0.14927806489545192 0.8137121446159602
1.786144502007665 0.23604848534954448 0.8491073323264459 0.5920089601959729 0.9254625750457828
-0.260421775001591 0.7742829795282935 0.039268105802780284 0.14043686062519278 0.10269485344105023
0.7082187194969298 0.8409348538825103 0.17048158683238945 0.28826468909637326 0.7840712916821444
0.7956427309084642 0.2262817124885611 0.49478551890020606 0.22924787143403558 0.35665097749625996
-0.07956821380638335 0.7666127463138356 0.8477816509565684 0.2810732365064823 0.5762440618909003
1.5659721511834426 0.14281581662462894 0.05520907429402855 0.17951063166063752 0.3335943688146653
-1.1847645251010697 0.7351779281051483 0.9536217689114803 0.6159199682542833 0.044131284111314506
0.9771072337416438 0.4349178874258829 0.2183406874938012 0.6032185248347685 0.5423243131251585
0.2882535142422642 0.6686869247009313 0.5731099823731917 0.30962708044043974 0.604852646220721
1.1412806602559298 0.05360099826332876 0.5566010079684007 0.21680585209846326 0.3574191232311008
1.0584087452485147 0.2706645022934431 0.07186282315904513 0.623254474757603 0.2698946605917001
-0.888106059218448 0.9952166673077768 0.1532906912839248 0.853466024580733 0.1993063068864226
1.2674762239497048 0.28877838551674795 0.6984705944442626 0.049630240127361835 0.6843620102629376
0.3276837570998188 0.8367510993407894 0.2834000509120883 0.5948356462044261 0.6979388319849443
1.4105694706028615 0.5089169090753402 0.11913054355212449 0.08557074719765323 0.7106919606795615
0.7436913961517482 0.30709325392453257 0.8873110315004191 0.9869153446922474 0.5268231643491345
-0.9546134905222092 0.8964006322841096 0.3149523831883959 0.06241927793036639 0.13950113356174276
1.2645934066606836 0.30913534972424817 0.578350569538067 0.22890373800038233 0.6899828024954803
0.0359175914541201 0.4135240748281297 0.9385669541884829 0.5720977147895189 0.2850274404271588
0.5559232424054552 0.8236682641595574 0.3794216910099434 0.5993212751006801 0.8440569699738769
0.03182402272400542 0.7867556781010638 0.8791411120446041 0.7781129876478861 0.6794026381198348
-0.15466288813756257 0.4365190906596911 0.8312502778170638 0.3615466496858144 0.19725345766523916
2.1039362776751007 0.017659854055039004 0.16332732603900602 0.4018971477849973 0.58600594438915
-0.31305322867726215 0.8363130631786065 0.10611206618543423 0.6352626882087704 0.248761322948149
-0.8075397116592067 0.5530943845550732 0.9719397293076508 0.11846786707241042 0.007654412834530611
1.0794745548531592 0.38207425368915404 0.2842861826913251 0.4442193947394273 0.572288335166876
0.2958955865214263 0.16684533590077033 0.9629882064129953 0.558714510422365 0.15155356859563496
0.49699534673282186 0.41665601842782607 0.8155216381868792 0.6521326313820287 0.5001876278220108
1.723959022280546 0.21877915609183052 0.25429957901687894 0.8842872091815638 0.7112213494966239
1.2701030045468196 0.2829917375412033 0.8921650811883551 0.5980111646233673 0.7334023358865116
-0.986955620957196 0.8362440495614204 0.5650298054015627 0.7350193404579637 0.19331471270384137
0.2590115214909239 0.9545252369950882 0.11585599767509491 0.8738099546089528 0.6672143597583167
-1.2470468620498156 0.7938922986452714 0.9423048999176341 0.17069442738929896 0.051347125124628135
0.578004969106777 0.5618007258736459 0.11369815363126012 0.09635339305892054 0.3646057974052649
1.3107396469916048 0.3259977805628075 0.6748495837766999 0.8809536405148184 0.7836857214623751
0.09816608823832973 0.6917176625982323 0.2918636277914164 0.6986886379962118 0.4471287347399744
0.9902470523264657 0.7957422688676132 0.19072327216959073 0.41943342173313836 0.8952482176920217
1.878115701330238 0.2177864502838368 0.9747591946925024 0.7333798808634767 0.9681048511356466
1.8237902421096073 0.18171071220060853 0.9754074491762512 0.09866329200005053 0.8707326202825574
0.2398897076641242 0.6584720644593082 0.8387811146320608 0.04378789107457626 0.6009317040332304
0.9956206875117953 0.33087005581575635 0.7799246336118395 0.46425601744094347 0.6336700508253268
0.35676180612133584 0.18631279184958283 0.7349604472047461 0.13526358586778642 0.15391254399741716
1.0987533076578395 0.38924770765141603 0.19189715814592612 0.13304292332091783 0.5064173026994355
-0.5982586062100257 0.9822429694833957 0.8207013097252744 0.9475721656970715 0.5863829284009887
0.3542567908614249 0.8372386036462783 0.2810596777364085 0.6033314285571573 0.7100978496459298
0.3133885136288961 0.6201060774380497 0.7265702066267558 0.10129855463562376 0.5845414750414006
1.0386812980073092 0.6802405978260201 0.021559572770669777 0.6125829217713871 0.624011639407414
0.5039550252004205 0.6689755514788434 0.3590146814509496 0.03173041565570123 0.6169496053113763
0.3887947068941937 0.9841484104683104 0.2104260768110392 0.26245309334154543 0.8134555545607948
2.3194050593347244 0.2229430750457495 0.05281668939395201 0.0009423136784529884 0.7632451677801896
2.6942822381054023 0.10515103082812483 0.0576507271277924 0.8314109062176129 0.8685978300530303
-0.21445541902099352 0.9569151323170653 0.4802526978546853 0.7431790145779469 0.6633631038874985
0.7656616512860211 0.687605889423297 0.22554634917611205 0.0349793273729041 0.6809798047142062
-0.053084013388495443 0.5742867378688724 0.672290792056206 0.8800383164987134 0.39385195579793575
0.5789236875582058 0.6341234326265877 0.47071036876588956 0.26189650807323905 0.674595463386445
1.2096322314751182 0.20308100223296366 0.9672110518362278 0.43073036402216436 0.6182220155932729
0.8397978357776128 0.28756074688027955 0.10168524535720169 0.0917137595093993 0.1888997351404147
-0.45212089285130863 0.9849640282145308 0.13894662047052297 0.9818492245275825 0.38883471763678634
-0.5961411638597084 0.6654047125611756 0.7046713875082871 0.5135293071936811 0.21777488429623226
-0.17590391634349345 0.7807314831541369 0.04876345208819266 0.34562534541915857 0.17331271347219357
0.03428399308869201 0.8344323994965646 0.40187062035263355 0.462531271489824 0.6096555451398089
1.3000759152755754 0.8326451867946953 0.08683723551542877 0.424091039837864 0.9807823364715461
-0.3655667805982761 0.3879724324474282 0.5530721195727459 0.990939179560538 0.02902650646699889
0.3907040776268653 0.6447556470253369 0.22035244908247642 0.10634935937316192 0.4577117582196447
0.6639438358181771 0.25108285307832356 0.3029064536845215 0.6170775843120478 0.25726756158194364
0.29452341395492776 0.4592869333292482 0.700321779079202 0.7339026818456879 0.4365352346081154
0.5565536370052081 0.24472850620403241 0.6467740051952391 0.9015777866577459 0.33514095259273
-0.9208167504013849 0.7466904952542214 0.6727868054922412 0.2732815874504163 0.13000960322422872
1.6475713998068482 0.3457657618775708 0.8458887515364517 0.10502082668622026 0.9478695592672964
-0.5202874494697908 0.6061608217264144 0.37762305624577774 0.34800153075381934 0.08966399020807825
1.8332024472054713 0.12797815186806072 0.5807826743751341 0.213792424613217 0.7707229484965185
0.0764190743426385 0.9981267471491451 0.30503842773446255 0.9684961486349937 0.7787663616641082
0.6049410436813402 0.26779187504783564 0.8272578410997256 0.45552555735098443 0.38677065653125986
1.41732957967948 0.314066143245333 0.8668130633474866 0.4116545039952022 0.823915378770677
1.1342798691817817 0.6545926007415673 0.41367544796752476 0.11823557843698695 0.9312435624536443
-0.13377520672742924 0.323101830101422 0.5457626345723574 0.7011835200748608 0.05527403473093795
-0.721616001619033 0.8503781957473097 0.4888469426139217 0.5140451960810951 0.3013328087021492
0.6337623804524859 0.626107052711242 0.8207378544104271 0.8402498100808462 0.7947499476603535
1.3675865011820845 0.48771946263643706 0.9413616153519236 0.27303935695469483 0.9812168808591087
1.6733660610202286 0.013022394052317088 0.337885868862003 0.3494814101442645 0.4936232932434401
1.8001964614428596 0.2513906823134098 0.24983698746514515 0.6886357978301034 0.768950873793114
1.0141798111321911 0.7393628998139795 0.2807052457362862 0.3071100299564472 0.9059483813552875
1.7503526241425016 0.013221034428005152 0.9168739876497706 0.46701619263729666 0.6748133309871305
-0.09751437847461417 0.2530999272181196 0.6563654509789586 0.5317934945048505 0.015697365886500836
-0.7292549984167538 0.9019176187819645 0.10684005120695272 0.29836119264652317 0.10232404977050868
-0.45508893671062456 0.778059159359536 0.8887079541008 0.12883343362467592 0.4050225584043017
0.4821846692455014 0.38388154995061907 0.17141976385139646 0.7755360341047733 0.2238140911605382
2.039293503070605 0.29778563677053527 0.24752911185721427 0.5508186080777091 0.9227684832233257
1.0071155030606782 0.37848471223817437 0.7063621089753149 0.32818485226835803 0.6710752163111255
-0.18370351762115522 0.9459245617383282 0.2895273689760334 0.5177372149481623 0.5685229658309573
1.7359956656334523 0.4236131838139877 0.37010168272667876 0.6194593175902631 0.9836285578430837
1.2892398649049557 0.4969289411874772 0.24134715075061508 0.8876446576108928 0.7868759161931813
0.43008148473917596 0.14129755041561054 0.48681022003617525 0.05464043074801683 0.08124791061142456
0.937453564291197 0.0012343525614157969 0.46593092029569605 0.24066881853591682 0.17949281884382706
-0.7160305335252882 0.5829467843252598 0.8019526223526986 0.6929688544509773 0.09723642318979586
-0.2650460939932968 0.9587509290416142 0.7079401671946659 0.09761233836637229 0.6607300138351667
-0.4121065479044031 0.7558812384179513 0.23162229625144104 0.12021052874132832 0.20090387500528883
0.3364305760526698 0.6941432419027642 0.6991678746259614 0.27256510823345736 0.6781881637271058
0.5087850018753635 0.1366562540728642 0.9278174106009353 0.04800116214558248 0.19089149372901837
1.795782526303219 0.3738827399872122 0.4146185930257341 0.760271747037473 0.9865539077883533
0.5467262583306521 0.6442037674835386 0.7137015057480929 0.3429039517073589 0.7321892894572475
-0.9179446244363251 0.921002971122425 0.27324896244456354 0.7905480082443868 0.19660452227312786
1.2415716226921756 0.280508747286918 0.5596926358613079 0.9667078752396271 0.6823161066493634
-0.3992755645033448 0.8494322302304752 0.523130137005487 0.6380596233384664 0.47071451709337964
1.5870812507483814 0.09336521134216269 0.30164280710383107 0.8672931806849108 0.5434268469930307
1.0644918145285485 0.004652111342011156 0.296192635293441 0.2572418158401205 0.16685606601049818
0.5301953241458426 0.7790289370085393 0.6038361325607886 0.8411834355392742 0.8703637315159162
0.6711502603542923 0.34343818530746784 0.576471615008551 0.2921405916360469 0.44632539087429823
0.4795166697260757 0.35456310269149083 0.14059539779758912 0.8142716130161745 0.16549858741888823
0.17908236590424298 0.4812330498512003 0.33741957791603383 0.11475226159632801 0.2594303377356926
0.9050587126544529 0.15180754044657319 0.2998613542022923 0.7214432750689717 0.27161265432833404
-0.0370538195560393 0.25969837481009606 0.5728146620638123 0.18352690175776853 0.014497542733679758
-1.257443944607613 0.9596273448192902 0.8474613956537974 0.5329596704724802 0.2309402938551658
0.2003349904581675 0.5835996141264899 0.04627572212815567 0.19090806362691526 0.13430514877579935
-1.3566010970074296 0.9129953764555816 0.5093672858026035 0.9764752874932836 0.09410272182146406
0.43245802810933354 0.8263571418072211 0.9389330447853074 0.9386420214054573 0.9246851909685175
0.21281444214324585 0.3393546263177707 0.5124444740249713 0.8344315238220944 0.23451960823679474
0.815624280910838 0.7462787331120295 0.2709433811019766 0.9651005657569667 0.8461171892067275
1.3514736877481752 0.31181702802765776 0.6308708000076845 0.4725693196199906 0.7590504534944786
0.24558105925632479 0.8687102670994716 0.8782914208738426 0.26307801294974575 0.8400914135462837
1.0615658534641863 0.1470631909494351 0.20020940825403044 0.3363620470233444 0.25287126743933097
0.5185774320825136 0.6058123458866846 0.27163997694444775 0.19658566010760514 0.51829156945407
2.583817026396841 0.06279561654753063 0.2606205022000605 0.6994796725897927 0.9523107346395371
0.13982252977539344 0.8697233950370302 0.1690904360791461 0.0032641823345378462 0.5264552320763121
1.3757617145981416 0.42070068984054965 0.3997244772716717 0.3135416397630818 0.8061465426394387
0.8803662934805725 0.3889745307700089 0.6629740228289867 0.2313903628510997 0.6088707007084501
2.2162757260232495 0.1616847978500695 0.17688519831093064 0.28859363903987867 0.7961662760612465
0.4920067398016752 0.7692827719955846 0.7375053951189376 0.6705090234631456 0.8579541106019118
-0.5548190975465136 0.577333953180232 0.3810053227726564 0.3158199790434648 0.042820487733862045
1.2484388038053957 0.4432040825931943 0.09626787320126318 0.804467622181345 0.5782961755263253
1.3391325795068147 0.24668777881058723 0.6524338364805117 0.5966467020152322 0.6957017198568938
0.5665218574524997 0.27575275888942385 0.633918489698729 0.5385541467720047 0.3515607040472819
1.2670912017156375 0.08986649525796064 0.5606373791512905 0.48515400358164995 0.4708030493813413
1.0130019923794666 0.4626150556153029 0.9906773346996292 0.1246839137193605 0.7814253208727184
1.07414252222086 0.029755648167534954 0.5377120795023598 0.7934887469351694 0.32557871732214283
0.19025946532753046 0.825307799606173 0.5780488993565183 0.9283733605190945 0.7551889160359143
0.42542343424442697 0.9611455210907903 0.06370319774894628 0.7119245513309758 0.6864754122425071
0.5225504671582306 0.8399546871734552 0.7303793019180063 0.8351048230215473 0.9536979566705052
0.5627826069875999 0.06834251512666512 0.9276083205312072 0.6678981134061233 0.17833031179612646
1.9425519253392936 0.13536614399752156 0.6369156706619253 0.8786272155571473 0.8774886146675736
-0.174736011499788 0.6442551206861389 0.32029757940229164 0.516559598488179 0.27436578908614806
1.2789044702132855 0.39085536209843197 0.8214032411946982 0.5009184196350719 0.8383586216811192
0.3834246600367843 0.8093901447090552 0.23347687128562045 0.7357102606750826 0.669784036180933
-0.36457192366958013 0.45479985498746567 0.4143417412157855 0.8986729157006095 0.04928665828459389
1.193125638423487 0.3137751158673352 0.9813298812643645 0.468290720546924 0.7293032141307224
0.17946379299112103 0.7943522679718554 0.07478929323044359 0.8113033420876646 0.41291162905885026
0.6539321532647986 0.9203378364709599 0.1565465526214339 0.04103434813420459 0.8151947121560394
-0.47897986866529374 0.8012068339467199 0.4258284897469534 0.8417054392038916 0.3595187609243242
-0.6199768889658125 0.7861447438983886 0.40414127515541376 0.8295412326157086 0.2671873943905879
1.1300465492816532 0.5480717735380759 0.4225120287214167 0.39283537646542066 0.8362127508408499
1.3699161911680062 0.770920633217643 0.12379294041448463 0.055857686092172565 0.968896357634248
1.5667930735206161 0.03301953776121913 0.007315067937554098 0.7279476249952296 0.18295153379841278
-0.32668505112813373 0.7296844260040745 0.16050604831829396 0.3115422095678134 0.16710434887976267
-0.6085718777179182 0.5502216569908897 0.7682299790233352 0.5842024651839184 0.10428237907461935
0.414286253919776 0.43759609770037966 0.2949091688985219 0.2607561584090625 0.3102282110487986
-0.3544650611675523 0.4857426491084783 0.6672589657123922 0.4129563006373608 0.13284367582896517
-0.5303641545909764 0.6600838326048838 0.36037913538698996 0.6988842165058624 0.15156290782884807
0.1778415114819104 0.5095301410857298 0.6386587026915436 0.23365647615909868 0.3960441103945095
0.9044114695893285 0.48381851825083144 0.5896912955468265 0.06057013718083348 0.6947918881680344
-1.2264962269636712 0.9440914605458262 0.9699172723706039 0.9289805801888953 0.2598961909283185
-0.5712641281308491 0.7754964138916447 0.9199942198133129 0.5407648065653499 0.371976923544862
-1.3698926578051311 0.8778992874638888 0.5379742736883976 0.8370184712927464 0.052505731273727374
0.012570591896902461 0.4388898480286689 0.7029904159780881 0.04608880354887401 0.2445953908135321
2.5072251859669237 0.023495906791324628 0.10082393271018453 0.34350164372587133 0.7192023499361232
-0.5753952666169637 0.8450445054718579 0.20906128331731422 0.4211822433361686 0.21608686315203995
1.3192280604622422 0.1576327406018534 0.8593784383066959 0.019745090907113294 0.5909884406072841
-1.0454187765328236 0.7067440802487244 0.9436640109741113 0.5374017833727935 0.07588577999753465
-0.6847527336107152 0.8444884983094104 0.6577575223002 0.9078572755196233 0.3747856991721298
0.6308159755443403 0.30190113301915333 0.09529766036773979 0.18545513549241 0.1026303467022931
1.6096904320199483 0.030844168446141906 0.63624142403585 0.7475026878893314 0.6028698629904052
-0.9369202794770899 0.7239475943381982 0.8542153775906863 0.9979149461495812 0.16054565739824245
2.005611148994609 0.29390985923595436 0.02098591525241844 0.1787524515224489 0.6557691287879588
-0.2521457668395706 0.6097194684402876 0.3843967472885971 0.42020738112957956 0.22800224915617817
1.4024922055618225 0.12303419426807505 0.17063012101525166 0.6056849292059701 0.3795083832853481
0.60819072704857 0.6624702516407336 0.7707896244796871 0.6019292754317636 0.8025413480041751
-0.5552743895171777 0.7879693176474374 0.20399754215054 0.030269359215722713 0.1404190380609529
0.7094735516596792 0.10301825025357858 0.18804433921629693 0.1254208554405386 0.01758767562339525
0.5206259848290712 0.39497130221683396 0.062378816410607385 0.26765283837495213 0.11373584860793662
0.887986327568594 0.5866944458387067 0.19504193005993187 0.5638783785444191 0.6386517600875624
0.9358748002934643 0.5431445924695039 0.24974260257745784 0.11590010914347026 0.6324181376175824
1.3308849733296806 0.1065159954164816 0.2957682282039037 0.6792723956153596 0.42240791016141643
1.40016791020394 0.17952234756614727 0.47380659286370974 0.4408140830717905 0.6000913759896854
-0.9387253332891371 0.6462321282009168 0.86725016368803 0.04033424977906552 0.029591730256523285
0.1593448928170904 0.9449435440612672 0.19040535773322753 0.6825181924525484 0.6692782209774759
-0.49300833497516583 0.4942100317209157 0.8096425648036014 0.911887147744641 0.12222754141186232
1.0488450417993105 0.656740432612843 0.6074927860100668 0.6504501988583656 0.980500081854307
1.171547609316672 0.22176317809442747 0.3067029211534177 0.8471969523365085 0.4819928035647959
0.8634318507116012 0.15664185615466253 0.1172997718567681 0.8094454516030184 0.11749072265120719
-0.9063848305179965 0.8605783900738547 0.48347432637115584 0.5430032739630307 0.22379700803077185
-0.7096170319856053 0.9215535620651695 0.5409649859514635 0.4820560408422594 0.39542370829480744
1.0828092428225107 0.4715526481626313 0.7275820882445492 0.012534196153322075 0.7904350529366483
0.49961839609870756 0.33407065477996944 0.44886960284543576 0.061032016298645964 0.30361093603678335
-0.5443172331431925 0.6470178101677104 0.7181033287560799 0.7108222723112732 0.23546575287180105
