y x1 x2 x3 x4
0.5977713316840019 0.8548602490688698 0.055507824963569985 0.13535494128668513 0.6164161216466326
-0.26254153104067185 0.7792338800055543 0.06700010304976978 0.8914219883625524 0.18120061508302066
0.5364911371792964 0.21957059168759874 0.5165338102365467 0.3892805822262928 0.241535647271786
-0.41694793540840613 0.5963506878448177 0.444463831835447 0.542643796341278 0.16643614251183747
1.6194663657002613 0.07108118999506952 0.9035174657169479 0.8128834834558462 0.6896117274968134
-0.7849793075644511 0.8030632951410176 0.7167906248534625 0.5948599563355076 0.27822926582797336
0.22168138111377922 0.23827218509322123 0.42438779521169767 0.7373709555765259 0.09768149594131292
0.8291177478428133 0.009689143039786852 0.259418305203992 0.900735474191197 0.07027652980879195
-0.9294201053785882 0.6576306151697657 0.6303915507556852 0.8467689704937625 0.0541244357359002
0.30916148377497343 0.7671144477447485 0.1203936300047862 0.703693421204411 0.49099942905359184
1.7262535553405254 0.1627878912883599 0.5545583147035509 0.8434666682099703 0.7824754674079165
1.1598913965911963 0.21485655155320138 0.835946634684576 0.2629156298986123 0.5861835432185194
-0.5182758056191699 0.6506429617627735 0.40304486203052337 0.24329175847025275 0.14269560504645673
1.0199382746284071 0.26374700562928854 0.33552298560679106 0.5396941698028848 0.4539675658295649
-0.414083013884424 0.5697732594460736 0.681088568875777 0.34441797962045406 0.19130692147737227
1.2761109021306734 0.03864576094304084 0.016664440268210012 0.8313969094392875 0.06903232668561865
1.063728353682618 0.1573314766009164 0.5799709680071787 0.9118833122897908 0.47101052284866063
0.03841360891166268 0.8489195758827984 0.12981054941471204 0.18517422996806543 0.42984436875981236
0.22556762583480316 0.7434449759888915 0.7057553754129604 0.3625811049100228 0.683002417823846
1.6700118751329258 0.2413463185247411 0.4016430256536092 0.9873733049932223 0.793516227913541
-0.3817016171414307 0.9747058846926254 0.3802083322966109 0.14396952904053806 0.5317473324636698
1.4837290608881937 0.48525619620537275 0.40179692671515466 0.6842877326299553 0.9454934160766677
0.5069079362323965 0.6937285290962762 0.2569816319929523 0.7089556547590302 0.6223475683656609
0.7693521405387187 0.4198701952857805 0.7676525108788668 0.1097853772267624 0.5982588117475249
-1.183631125625746 0.8696620057949426 0.30146195837086975 0.45991818346433655 0.016494463574440954
1.251768233357292 0.1083698552088973 0.4756064088093076 0.25180226158198127 0.44531303758665264
0.5993795307507368 0.35041400041287385 0.4567254879634032 0.4072600316879996 0.39008450542475936
1.0144418758030305 0.16781232376576105 0.3566918212487432 0.8013365743499409 0.37480580888465154
2.0070163327049 0.10512256970616418 0.06733419236696614 0.24580251589982183 0.5227388788304165
1.108267346557519 0.5713810198272603 0.27589823710468686 0.9252488109692077 0.8034660275996439
-1.136904269446346 0.7412859556424012 0.556337888738656 0.6676924152263471 0.01679832469219511
-0.2183452750417461 0.47617101608519097 0.35553012478636803 0.05656048353748788 0.07072291139494469
-0.05967094099511683 0.5828401246554092 0.9226872485015769 0.5704961510930832 0.4155270506396427
0.8072516357720841 0.07146410790328717 0.9605410149316556 0.7109031694552403 0.3027310696037391
0.2407138031229064 0.5481892932858767 0.17670222146779002 0.5288410912009042 0.27296818423138947
-0.5605790406083011 0.8540897103877299 0.2892053515216788 0.06089750062363408 0.2678100607131494
0.8474369025492174 0.3303119240122214 0.4892737608912011 0.9912004302826481 0.527652782243278
-0.2747633960369342 0.9785627267493566 0.1217442478107349 0.5772005651590925 0.4293814263012007
-0.7490665346932228 0.6745315513014918 0.45680390854271324 0.5555236888993144 0.09533946028517237
-1.2561618768342746 0.8173879257619339 0.46618443454343084 0.6650421612899866 0.01243941972917273
0.27601122347154444 0.6302780527842148 0.15266428014586686 0.04576227820452616 0.32805597475034787
0.8076004570850746 0.6796794854434808 0.5241108556047892 0.21801440404711292 0.8455741948488208
1.8489966022934423 0.3062836962766943 0.0016193108886078944 0.08751090031160802 0.5611034247009226
-0.830305304361874 0.7102269766291475 0.4139999689533749 0.4178312182775952 0.07049773335853238
-0.09824180305158137 0.472657367764176 0.6052568663138612 0.07397817018565955 0.20996865993306502
-0.6909443585498793 0.638322466881802 0.7789123766270685 0.17560063257799252 0.13689080722454083
-0.4527999796322384 0.45311266828715857 0.5594407670498587 0.6395410244769639 0.04003784355797824
0.6964156323129175 0.1865670292809961 0.8720933021319047 0.5698792828363146 0.3558692839617792
1.1869357033773649 0.16046570415948713 0.7164044391621733 0.5249606397559019 0.5403565729967251
0.6356301147042287 0.22310753723065113 0.502630207528955 0.9312464480403927 0.31581429861876364
0.3382711998206127 0.9449157210223778 0.3645847453388802 0.4520790084922798 0.8528584298298993
-0.20512576224532694 0.41033253111992474 0.36049159758928884 0.7548336480460623 0.04765813913664174
-1.0058577885793896 0.8078812901786815 0.22594834884181525 0.8799980329528867 0.008302788018473284
0.32774882621953516 0.7805945229895634 0.5092820349575605 0.8112999032336893 0.7494102836638741
2.005422507611616 0.07074205091942054 0.4831027886105468 0.08549335206567077 0.7580283643244524
0.7431779770362464 0.3980473065262403 0.40462605033591215 0.7945782917597846 0.5082066190080006
-0.8240377569384211 0.8768701227863753 0.18343157039225644 0.2679306677950939 0.10207328553630945
-1.4922607727472756 0.863007825783714 0.8213943290369649 0.8534259913870915 0.031260905954546225
1.6073455739040208 0.4091429380415743 0.398953324913068 0.5110976437712929 0.9145005284927699
1.4481131720895881 0.04341315856410222 0.1289307814046443 0.17791580362975634 0.2559874816790394
-1.2640353914616467 0.9394294069743662 0.49131323975957264 0.6321546711790748 0.1432255504085327
0.08425851060812972 0.7625284643896699 0.6905327168401358 0.4078658192299208 0.635584039288039
0.5090576195954319 0.8058439182769829 0.41956988525933714 0.7239417683846285 0.82653753279444
-0.16472096230166539 0.41415224990641564 0.8624063490331031 0.49680876801314766 0.1794713803946929
1.9783775597613047 0.11707416054992748 0.5075008713763116 0.5036774239042052 0.8241155671779962
-0.4151024772671796 0.5695140138433202 0.22545194823059678 0.5041246163340415 0.020530273523308384
-0.7039302451580153 0.9046435215737236 0.8652154910377955 0.42219233676756296 0.4328946114681207
1.4466717929344188 0.24614832594318148 0.7574410403479372 0.03808425097057411 0.7333579439000075
0.20661650579478996 0.9779328121066365 0.17235288083266842 0.1550091778630026 0.6830348492718589
1.3200806682722601 0.5560226977641055 0.1668826207202112 0.29991779015691045 0.7744194206687441
1.3136590945206383 0.05648331185125588 0.198085663837413 0.22022220584656116 0.2699945377414338
1.4304030670187096 0.30172553619949927 0.371242643704524 0.9111318703656143 0.7254903134756862
2.1497350621748437 0.05212336405566542 0.6446401769993061 0.3121464819825235 0.8613267922363418
0.7510626948597661 0.1068026304830455 0.30741638596229937 0.40598847458362985 0.13915482444406646
1.2323554898654667 0.16134208066047806 0.15215661874312825 0.7079444130612927 0.3271837291142219
1.6967051362255428 0.2582735661837524 0.1649975940049464 0.05787030547943439 0.6267439132888291
0.13602810056203762 0.45329986192888283 0.8656890670529496 0.30231737556258464 0.3536488999315376
1.270642788183142 0.2285914575937884 0.23777972877568743 0.5546107375504766 0.4776473602516008
1.8394390821940132 0.3919384466528665 0.08850250066403831 0.7524572020402246 0.7947440137664139
1.2453168052415668 0.5239349669788262 0.15087329836837893 0.002371793690153501 0.6740907186223396
2.3432251146571517 0.3076555854785834 0.00035708482300622624 0.36860560153127275 0.8114580914197209
1.5925943977275545 0.3630177253996626 0.20408141959853576 0.9196939913676159 0.7648932346838232
-0.5158997456027814 0.6768643523951638 0.8779468300913669 0.7252543761317234 0.30070228948450384
0.9715609944560253 0.5134102073772695 0.13529248955063433 0.5621991593159884 0.5483229340917107
2.333213973190488 0.31388976111650513 0.054504167397302905 0.9747909855420732 0.9183539070531824
-0.18451372337603622 0.8533346488257024 0.2973038222351385 0.11827964386578149 0.45414968704620207
0.5451943520187468 0.6501790543704632 0.6134321756325217 0.3873377275563873 0.7213639696583668
0.7653256726951889 0.5309889597390711 0.7346335369029889 0.9077181198890393 0.7498112343395339
0.23482215909646684 0.24304608756262247 0.24417017063971602 0.9054008440264228 0.02163237121169137
1.6062919076697972 0.02035048128153316 0.7301059568528526 0.6775103798824184 0.6032208098003083
0.4882021522937707 0.3276397177472393 0.6213289126615803 0.29569659519611824 0.35308715300241755
1.9661023068410641 0.190536535400052 0.7669969267282633 0.1451339622550003 0.9297744476759221
2.2326066406842484 0.3508787100682219 0.09191385055900525 0.5662471965529035 0.9333230232536603
0.5251449271586618 0.05103660022685497 0.5575349095863326 0.4973452054714489 0.07665428220248982
-0.2038556217787615 0.4975245086722486 0.5804596441878073 0.690970819648075 0.21297254872689264
1.2728769080712814 0.5594148440920591 0.08032603667721117 0.31566136580964665 0.6682865061874507
1.043134106849875 0.12393130221787652 0.9389622059492168 0.7570433725596966 0.47070020823643544
-0.923454367102096 0.7618930984713169 0.8097550343718379 0.8123789220400623 0.19282720710716472
0.5351736663590808 0.5395382333949469 0.04259283105026335 0.6148750682263552 0.26540280474942957
0.4177369673513424 0.4107231558495771 0.5263762231336474 0.22848711519403975 0.37938831732386846
0.5922570768552893 0.8823889907516081 0.141852627820919 0.30248001340563946 0.7468278902493912
0.3989783178045314 0.7179998559889332 0.9787949780640927 0.9350494414488971 0.7979894853985778
0.8231177738107581 0.4113057907141363 0.9121362777536032 0.3550784798101766 0.6439548266279673
0.8817022557128482 0.19761198188911966 0.706421155162275 0.8384223676867656 0.4482004332741355
1.88406380465977 0.05612960882395257 0.3535884706104674 0.38271118009425753 0.6488280425981133
0.5501069328406445 0.4361389368985694 0.15606211983402174 0.47952370548149936 0.28202432889282336
0.036433167867399474 0.9025113121046491 0.36713540117021526 0.7960033090299765 0.6835202102802197
-0.6114600726482212 0.7665185889909876 0.7289656893112386 0.5919380284321333 0.3243032677711677
1.1791380202747659 0.1446191168746236 0.18831759481239907 0.4312913029346517 0.3017130156078994
2.247053012176485 0.08146169739883269 0.9374396547989529 0.5063113189020578 0.9865641709736461
-0.9902851323479882 0.7952937557491236 0.3084115442003105 0.044667681027228845 0.011912330605437393
1.144222367626836 0.24440183751767997 0.43410314597812083 0.12542186329191707 0.5147282103716557
1.447649471105179 0.14824636570858096 0.8704665392681029 0.9955154700792256 0.6944457720431328
0.28269433651057546 0.2771329815638406 0.7292149955870059 0.5737829551305735 0.23650251879720519
0.4628471728957737 0.7381387375133933 0.2991444000946213 0.0971056923182323 0.6416260272347346
0.753317071187947 0.5424725110092358 0.7775679687038521 0.4256935447557556 0.7376204676562376
0.46887931849276093 0.13370567567735459 0.6965583108372736 0.34182569720739275 0.15745291004718343
-0.08864049528754103 0.7126369369032289 0.4864861446602632 0.15078775899275643 0.4380784179560978
0.6406155404977464 0.29948694786755636 0.2420282378962072 0.22515632638850192 0.23729407172641082
0.157308297985161 0.838444937320131 0.2821379019532714 0.08080071196518368 0.5900859170373121
0.1888521918558197 0.7241168625878064 0.5350502578716542 0.5624100598614981 0.6189867827876275
0.37299631390276167 0.47101893194532674 0.8309421241168923 0.4430414623550568 0.4889731505807118
-0.5374646151313032 0.7659458055422146 0.5298831800832515 0.45440272752749533 0.3098419660701164
0.1781151260847159 0.6058553029795134 0.2908967188275743 0.591604004983307 0.3892084055228
-0.7253430037033067 0.8158673107123138 0.980411824524767 0.8063126783158581 0.3589488744689041
1.6131434414408625 0.35755734350659363 0.032246003957739355 0.12486924968130386 0.54804434391522
-0.03802732082869076 0.7169630950198043 0.9387433581431757 0.16678285483255295 0.5459831591094761
-1.0771290648216827 0.9556891722462638 0.349446300986787 0.22475597152624172 0.17050892353282354
2.695106646789643 0.011058251951723608 0.30506406193898983 0.857604886335001 0.9863310300483908
-1.0147279524363442 0.9858544319263297 0.6759439150400589 0.21090367740913385 0.3329900895433323
0.8168213191752705 0.42988739150917543 0.6224648222060737 0.2840390756274477 0.6162961006512637
-1.2588704723126387 0.8668829196623631 0.9485075578725646 0.5608738724738367 0.14359641150873392
-1.377628388789893 0.8969290729650476 0.897643990095232 0.637827554799123 0.11828443619778439
-1.2113202413733284 0.8973674368655538 0.9361756528951483 0.2499142242243344 0.18065044252010865
-0.17599169855088007 0.32844119379218994 0.6497892166011701 0.627307287905519 0.060921860771264824
0.030629172368466406 0.46195458634082776 0.9558267538440227 0.32266221387100447 0.3213738253195124
0.32247963628111254 0.5697375797836332 0.9337211396072946 0.39567396914052155 0.5754862364466612
0.012615378433423419 0.347355988006369 0.3688536258125097 0.9862745977817681 0.10065394510666736
0.9356308833933692 0.10508737182649541 0.9659051538107029 0.9019045106370565 0.40892553887173533
0.05361131792729523 0.9510223191252128 0.4637629869645905 0.8307474004287683 0.7835866297952933
0.07593102233523974 0.512432545672815 0.9222769004430115 0.46974628425269227 0.4010471503898243
0.434071805653229 0.5313586806426663 0.9750528642413885 0.02778840680263539 0.5712276877526101
0.0706072325157392 0.5462419449884529 0.9336619337928367 0.14856131436666387 0.4174474965863779
-0.17367340651602692 0.8060388141791558 0.15203779941631024 0.7477567283296078 0.33493155061437574
2.014648822751149 0.32471963296144046 0.18626242824422945 0.1893659025020693 0.8734360521474333
-0.1415569637220888 0.6493343427446729 0.9533461967609377 0.04392446876691214 0.4200565944337753
1.24172864493963 0.03026248673443266 0.8382032701538792 0.07777232384924926 0.42173374185136014
1.0525312492157837 0.35401752463243397 0.5983848483524362 0.13312281321718733 0.6354350565912713
1.0108437399141859 0.006788812343866302 0.4899702109424119 0.46316562909287873 0.2402439293649905
0.4392055858867372 0.6654700330528117 0.770599504104761 0.639865301727763 0.7271330281577865
0.5185790302607094 0.08619222549038497 0.4691701099727488 0.2396530542634615 0.07009224549738025
0.8872429621848641 0.4824156563115466 0.8268737157224104 0.5038531728344817 0.748542109175928
0.954063861198157 0.4279910184933845 0.6965535726954318 0.8775908324274815 0.724295402782597
-0.4469313231193625 0.5320686068160706 0.946810431041317 0.5383613231782862 0.17817820505665405
0.06708620628664008 0.6120696212451905 0.49000512373694594 0.4330509815734672 0.4233581752427965
0.8141896002218187 0.4741322797947507 0.9440618102276462 0.3346723164178571 0.7070130735320865
-1.0315730790129365 0.7941043823173703 0.767811924997946 0.9603582585411091 0.1770213420186848
-0.46544258894221713 0.8546608477815044 0.8963585228316804 0.5244943835760151 0.5024137720521975
1.396295737628972 0.02468852668977406 0.45986098785793816 0.6029160833100733 0.4396832355752329
0.34906384294157444 0.9398569026202018 0.4487396986410944 0.18063700201271915 0.8732009747393309
1.5305743557650446 0.6944872301097031 0.0132217685911028 0.6025963225599557 0.8608537859831725
1.938791620626778 0.23093169343915088 0.9248611856747319 0.17264186184860497 0.9773620308437955
-0.6289179067470079 0.7214027693728318 0.6333273203508095 0.6010733935371323 0.2522874804273866
0.6934116954705911 0.9352125262286255 0.20557571935448382 0.29368763714566437 0.9051728750611714
-0.8360830738514606 0.634551183434452 0.47594153377202075 0.9214601884850729 0.03697301320087454
-0.5545969549876798 0.7477872990373222 0.47987197475537235 0.28381573572019025 0.2581757201108438
-0.17732887346477355 0.8645239895445034 0.48325637116215203 0.6242964120624279 0.5792220087105747
0.4028930385025309 0.826674328427496 0.3737287065513055 0.2222247357362609 0.7516522154070429
1.0384235079377275 0.3641590637414246 0.3176653948009095 0.2931794031001471 0.5452780175478338
-0.6229689268714529 0.7077341309852132 0.2203481973369814 0.138436279017788 0.04278074051913083
0.12186480076140499 0.4734255336007417 0.32521786822826537 0.16352387215980557 0.22028010886779748
0.3947116771843253 0.5203787544924114 0.3153020109235678 0.8099578241502717 0.42791467628983126
0.5376860567242228 0.7238768533770885 0.9396242230112679 0.17102544398333563 0.8276799836531884
0.6300778198917919 0.0224949422055174 0.44721989074410873 0.9807365860052248 0.08670976807341846
1.9389080350441963 0.1159788664882263 0.46556997706106984 0.1646600942656411 0.7722627606729822
1.2981277776838922 0.1185959787268861 0.3130923485478946 0.08733202986845001 0.39776038171082306
-0.9758462426434527 0.8694104817946864 0.5941940259477032 0.12387641318730391 0.20799591910345883
1.4496531404623014 0.3228020607247075 0.7502830574299363 0.06283858615630311 0.8154807689959008
2.511116913887326 0.055853879486247315 0.3880950830046275 0.7064379214018216 0.9800662679162898
0.4316317559069094 0.67244444286489 0.32470225500326955 0.1384593054503146 0.5746100633779204
-0.33980159871757515 0.371635585803763 0.9617795137218341 0.10108429478151093 0.03858228816374043
0.7219691883544159 0.5841598439346429 0.9609614598153372 0.07522413182937482 0.76531610302178
-0.04637517234273447 0.7766934729269046 0.2568240049036117 0.9046429313387186 0.4553683866858983
2.0575571179151613 0.40343844525114614 0.2036529739927666 0.07462854419823939 0.98402363998739
0.864859042128996 0.10592425404690442 0.3421837534361566 0.3684245095754688 0.20917278134722195
0.6468220226867096 0.9941929172911723 0.060289111941152496 0.1553724001386243 0.7928180853394233
1.0429044519752104 0.5972293499460888 0.6152722993125402 0.6696441985188868 0.9180082781295945
0.8815472882679412 0.047456528572076384 0.16602659725598257 0.3124163690259505 0.03272922103581133
0.5239749475060518 0.45558144346305973 0.5857809350262922 0.6100032424781164 0.5127681529161613
0.4507327676260622 0.9544688654868598 0.4831243461987854 0.6023558258065436 0.9713580615874942
-0.11661712493249532 0.8313837393219821 0.030274655100156922 0.2505480842533674 0.22502331065003278
1.9081526249532228 0.2784716062605034 0.14084098789569988 0.27549676653471067 0.7383313538433531
1.0140693141362376 0.15027394562128005 0.9377298466261071 0.8233295917383839 0.4876490349941116
1.2440677008757577 0.17060085142757764 0.8916912311901034 0.7176845451597283 0.6093073813957329
1.4179263807533486 0.3133769831065977 0.3404918982220555 0.22317494815319483 0.6811126670338304
0.2488846105450329 0.5800037852045703 0.06293526237089275 0.6505210568451554 0.19906635559869346
1.1605044947218162 0.5578115760989688 0.09706924717946419 0.5012150051372727 0.6419289970825419
-0.6705625753763512 0.5713437488924098 0.6205092803040813 0.8116284297525287 0.08319031516132447
0.7453511612960252 0.5719128883968564 0.194504801262533 0.04085048416448833 0.5264279543174198
-0.10162461557714475 0.7532514441507872 0.8028959270147152 0.6133011408021042 0.564281723838031
1.0321070727240687 0.3627106997207167 0.03778606022740005 0.42119251958559367 0.3003426297330689
1.1945796417078045 0.43302693158361105 0.5958567064270042 0.7218398648180416 0.8165133338715979
-0.37626433312406454 0.49617506249368326 0.9232019700314351 0.5272703455530872 0.17177466813526188
0.07149063441206693 0.5579447968149682 0.2590263316281637 0.39796218333422395 0.257984466850085
1.0487031981088855 0.545508719953825 0.4702890160707963 0.543983096755773 0.8203584567734409
1.4749182304369968 0.008402621582163428 0.4427485904319013 0.23365596430367486 0.434228038839953
0.9973850880478846 0.4424422580153785 0.3499653608460973 0.5068766014284443 0.6360826876784746
-0.8785799793388307 0.6665670616131899 0.6807950214916326 0.7583250479509726 0.0929475258172725
1.949048295436936 0.1588728509327122 0.3505695689214944 0.4343538106315036 0.788664598244527
-1.1097003718889473 0.8853780535924887 0.48643522479936896 0.8482823707022822 0.1693483058303279
-0.5559084114641472 0.9515566490629431 0.07928379122589324 0.5294926644141127 0.21839696146600607
0.29017018931129224 0.6759220505442122 0.7539282177361072 0.7724451746045667 0.6715215162705083
1.0929531978955247 0.6406215102914273 0.12907123854865776 0.3625608902161114 0.7227265236617048
-0.7362942040341499 0.891193134392656 0.5377711582740182 0.0806810861895163 0.32817598137040094
-0.06944323850778955 0.6232571437705589 0.5923969821609599 0.4217515159371027 0.3975718957121812
1.1804378833284859 0.34675796721095964 0.4053216590318701 0.29358904646394024 0.6369535979654851
0.03945096607556413 0.1847178793700286 0.8803921212116651 0.4355460974205284 0.03485090563163307
-0.7743033457354046 0.5809725899567538 0.738816376133925 0.9832239994494543 0.07327185469994191
-0.11665792331711389 0.8690338927243851 0.3213896059453979 0.2914870581174732 0.5261055306324721
0.9418360119108093 0.5602131252766702 0.9020317565423183 0.5968785747519574 0.8683309949198154
0.5912554834289541 0.26713609572882124 0.45322786098295387 0.3980711865101284 0.2972292934258399
-0.24757807638732854 0.5678146981050495 0.6347719230013985 0.545038524875836 0.27037491003516256
-0.3920722788221811 0.7091774683316591 0.1453704364399947 0.9347640625710368 0.13239602820871
0.015010004974168184 0.2372194437622187 0.645620900747036 0.9184024141942042 0.06998533388805106
0.7745459635011547 0.44490596105807223 0.3158761957548474 0.3954574251425528 0.5087336470604354
1.6235643365350763 0.2502223098249666 0.9394125718147978 0.8334784634834379 0.8832245068682318
1.9780097751498538 0.2306203907439126 0.04387259456335324 0.42651369851803 0.6206806249979452
0.553214278103136 0.07843219117360267 0.7825814730535275 0.48232170856256007 0.15983424924626122
1.3133240817400669 0.4562570034648815 0.4423459869755021 0.5608254734387417 0.8437668627979418
1.6120863649328097 0.25267365987582324 0.6657749079299052 0.24730422799992924 0.8159105372092512
1.3384493337160015 0.08358726679983763 0.02318331658447592 0.6324949854246524 0.14497589194854055
2.2498502948907344 0.16003104661037315 0.4898988620626328 0.6182597980831583 0.998827470657112
0.9707507196374532 0.47579586388272654 0.9843358132839686 0.8670887080475563 0.8136042507678732
-0.07826765566404792 0.3469453916041385 0.9124285083829221 0.3704720132860738 0.14814984532498243
1.8820026917974333 0.08682534749191051 0.9445048242362909 0.7351608718206492 0.8306243249778207
-0.0021784427239758264 0.4827521160693411 0.5411229419533408 0.6571831534638641 0.28170287701177
1.1553039395882891 0.3616381039176243 0.45713396045928845 0.8177106627885063 0.6877745499470114
-0.03910372967460729 0.8232079939226076 0.9179625685762476 0.5952633416901532 0.6780200050547273
1.4583279841054118 0.48512281824906456 0.6301528652999207 0.3748002590616256 0.9861513588318256
-0.24088654741332372 0.9165778272666095 0.20517279685031142 0.23811902130493956 0.4373961271484925
2.009240101943385 0.09857709035435358 0.6342089559321781 0.08459752185643987 0.8284227861150487
-0.028127644672900853 0.8016252640656739 0.3003618531020963 0.16145864314763503 0.4786464878185608
1.3146155456648796 0.13369445949166725 0.44459272183672705 0.27385214216291265 0.49203598665084447
1.9113375377069275 0.04009028471509679 0.4647652911172412 0.2760380360082727 0.6854830977821432
0.14365596752990228 0.5440332093107468 0.6550456637107278 0.1593889587962508 0.4150212980379673
0.42457173365819223 0.8105589046426628 0.1505631577120401 0.009064301605690717 0.5836256003761638
0.5422757267862233 0.44435848367984576 0.8583682139934944 0.0783044041996781 0.5246075589999902
1.4468213774025707 0.16195296702609807 0.6202967796822202 0.6524300778729839 0.6545503489635756
0.7267298786465551 0.20288526410470864 0.8361860965298182 0.9349093033629918 0.4019673705419433
1.37618215719027 0.2206940502779723 0.9799415091402051 0.13362139049007415 0.7006992855345361
0.288493361465586 0.502163461825961 0.8610617314566081 0.23749923315863652 0.47344465732752183
0.5509230445781346 0.7755942774654072 0.7305306939320417 0.8248688097461843 0.8993023539833483
2.2247018327832886 0.190467200632209 0.20926751884898187 0.53257561574147 0.8697380981598849
-0.5964245691861956 0.9034805370144344 0.6956195729749539 0.9360770314379253 0.48677943771599963
-0.9805913877928494 0.8911216013884917 0.6832745011526608 0.08550982629427917 0.24431074452331725
2.148968638331546 0.0792064520220771 0.8888554795048679 0.9568613182359788 0.9559671011998713
-0.3126081367076839 0.6663556450229497 0.2549380101040277 0.08518246471088908 0.16877222155741112
1.356552541471465 0.4049007440254845 0.5122658278604283 0.4908246472221661 0.8303044380009816
0.6315835517411206 0.2338153748198487 0.11943112976549264 0.254654903527345 0.06124173485600992
0.10605179029967814 0.3720223246863448 0.2142040048250009 0.3491764147929992 0.04514441080103393
2.558544679336988 0.069587696191865 0.018459169782476526 0.6322261839735036 0.7046769769096075
-0.23106745645958715 0.7849209254431455 0.47234371740179204 0.6169481729118652 0.4662221219478876
-0.11354484216156857 0.9150875312516962 0.19517505004917446 0.46186459552122405 0.5005397997937752
1.1303892976644054 0.21426626409339145 0.18971530496702038 0.48798953074631757 0.35560915055264875
0.1393553105032077 0.9084339413163385 0.7508301685232819 0.3519886664888672 0.8210777115134361
-0.4636381616226182 0.9873418955604079 0.7012805026057235 0.4830439547878458 0.6159840441534904
2.482812321418078 0.10455430233288421 0.025911026194016418 0.2583393556483855 0.6958590138868419
-0.28758248733787384 0.6797315648561265 0.6853527188481472 0.4346958227241732 0.37230966829690426
0.22418460604863544 0.8336944346262738 0.7972561534036229 0.6064521770357516 0.8026671975722327
0.05261496385735975 0.5849423106682634 0.4925520938094198 0.01882443523144306 0.3660835627644444
1.2901139139115354 0.5109620829150755 0.46822697301409477 0.9739332273037774 0.9198785883090894
1.5244350490937233 0.0016372252962045808 0.8987630765651915 0.11371898497655453 0.5343209317042824
0.5693314688827824 0.6927648816316858 0.8039732771090536 0.24749003103179446 0.8011429675833096
-1.285400112767203 0.9881559027098171 0.3862051430130986 0.919288958559857 0.15857556171525256
-1.4449424357530922 0.9745978681463493 0.6931367584532971 0.9813217411291666 0.1589799774596431
-0.2020462631697299 0.6334917084016412 0.2621295415423075 0.6413770064352955 0.22162516565057533
0.8328038952062319 0.8922827060036645 0.0038036295134358244 0.5520090420587603 0.719472452878245
1.7253773188359816 0.567241476630927 0.11579667151400375 0.5097259706354963 0.9412901656836019
0.32243681120012396 0.2817335843476576 0.7471011650993893 0.8291056107175842 0.275765717250371
-1.016361607953913 0.8734201518706172 0.9665317649947278 0.39927081363800265 0.2587628808483059
1.3129567420700985 0.3342516448049271 0.21719575320004292 0.9415806666420209 0.6127746813314465
0.552447852165572 0.5011718338441843 0.855840507539438 0.8850424923076244 0.6311124693595493
0.7213431996814097 0.5921460267002675 0.9979408819881951 0.8189807182045694 0.8152720453798775
0.021838894515165075 0.9100484756066475 0.3501533152392138 0.4678214230034401 0.6594532336385045
1.554965058762411 0.21687234318628246 0.6924419694685903 0.7928249133362684 0.7844029143402165
0.39934606465348566 0.2525843621073527 0.7693475469983961 0.9100754247689261 0.28888481752486395
-0.43835361339600554 0.6046706530831428 0.6442027556457618 0.0482737317245433 0.19305065503173346
0.41925594553264633 0.6644756799859837 0.8216275879347782 0.46744857224684677 0.7139192437866121
1.252912727672157 0.021022129073109186 0.45522629387310365 0.9650638949068489 0.38390741637847825
-1.5165490479563295 0.9156100507623187 0.8255651526525003 0.8480819864113468 0.07500994121977533
-0.0889091842919254 0.8360010404732299 0.7696424397143473 0.6075712368502297 0.6525203108869922
0.13701595325983673 0.5884830665925157 0.6269839478332432 0.7154637752677735 0.48227682539928174
0.34737241102449334 0.9065921984550714 0.2819209401001824 0.004916202789441604 0.7475459110515703
2.561486607051505 0.06145192801911903 0.3997484232767208 0.21363878612029075 0.9889738633942691
-0.14791573338663538 0.38225482211866846 0.9772274225613793 0.5773276456925777 0.16785714658784046
1.8350867784594527 0.19018454052603462 0.20376588992233668 0.5055336691856296 0.678198286193023
-0.8717622738336936 0.9871090253369601 0.8610127087903113 0.4984462117873626 0.4429720417062799
-0.1487126560610359 0.8424918309033922 0.16552437121388797 0.10444533737003348 0.36310593396333435
2.2578157492896165 0.19176877572357043 0.39872826236772174 0.07958438238013299 0.9729825778131926
0.33173611303827966 0.8303990811377752 0.9990762501937398 0.9440983341679537 0.8855162618410254
0.8100951934263209 0.2077952882241212 0.5589770489903917 0.43772218989866374 0.3738003490129468
1.0272637215992533 0.3169253591862027 0.670829478181733 0.43005919782683566 0.6155154532155568
0.8447238528059298 0.3687910849305208 0.7736801889509463 0.6351708322483341 0.6095984547097982
1.2202333641785847 0.45564401857998005 0.5429617367200835 0.1960055175506752 0.8114267116857891
0.6954831225908946 0.08126310077005539 0.7959852646777918 0.8273523178047282 0.24979253549924718
0.7368971108161397 0.08799466366239417 0.33062425394540795 0.7752153867601145 0.14447430799490013
0.7541969320033457 0.519108212890636 0.4321276607864477 0.03368695409553257 0.6108588084501213
-1.2342784380325726 0.8128440730397175 0.8556711147510841 0.0457660224035531 0.06254832899759633
-0.16269953972664247 0.3599552574813393 0.4648867815674065 0.7359558449987286 0.0570499038237815
0.5771838399798617 0.8332002225593373 0.6583981949858647 0.32102094791041336 0.933903930383354
0.6590298075936389 0.09092714932283374 0.9962712074298641 0.15579157983148273 0.22558536503262971
-0.142031208911362 0.9318031170744848 0.2384069633894088 0.7749941361156671 0.5532854509189182
1.6362328110885274 0.3999174445485808 0.3587031441416416 0.9860870452782409 0.9240172864689904
0.8728124233763304 0.3301417469535902 0.2752092942470509 0.0916504443745717 0.39458654796819326
0.5521205138970748 0.3589298278849383 0.9283224487039194 0.25279389336058045 0.4558355544730418
0.40731053225843195 0.21310542113149855 0.2998280911440804 0.20156268829666824 0.0713646913093664
-0.6616510377586442 0.6680472771602353 0.34080998525878003 0.4665030389820808 0.07566558877111573
1.655187535227614 0.16844346767570917 0.6256012679717359 0.9766391570106685 0.7777047293572494
0.34103487762334406 0.18112876447074044 0.8538721222038895 0.32898829704100885 0.16639554756710617
-0.16890816020248023 0.7412145827844405 0.03167440673742261 0.8438699067327271 0.13837087866577003
-0.11740135103435634 0.8641018004235074 0.9012188444216407 0.43506151784338365 0.6737686443527191
0.6019823956459991 0.14972229578765384 0.30631495087592864 0.5527093853735329 0.12021355252959876
-0.17734824383125625 0.7850385900098752 0.3772612886857002 0.18935112174742552 0.4315389925979288
0.6425632275502325 0.11531072544204479 0.8085562469919494 0.07920674909219261 0.22225383805136112
2.5795933803295403 0.018304042743728988 0.42344053051773756 0.5588112868851788 0.9805784376018597
0.17852174389118525 0.9802423125429351 0.5928087155987966 0.05261356177164145 0.8694709269131462
0.8421673415643638 0.09737565936412884 0.6977008795627271 0.7887436454676994 0.32047260087808027
0.08280052853814013 0.8054007662457616 0.9086508919176269 0.23701430246297683 0.6975717002890258
0.8588238059300872 0.3764267631433812 0.9558165922716193 0.814231135317512 0.6515792977888397
0.9003640278327875 0.4052599995974435 0.6242836994784111 0.5015644840090153 0.6422785714083238
-0.7940919474897566 0.8653555005722647 0.13690031250040535 0.3113897388275003 0.06451983635696101
-0.9159195564799488 0.9121998803665994 0.7767502273628393 0.5896834423477214 0.3385507132976656
-0.7673837294089548 0.8149459473886143 0.3190808577879398 0.592686418353593 0.17425281937474402
0.9812618743023708 0.05026882710759939 0.6842301877708904 0.366392148281917 0.31324614132561424
1.7520620936589728 0.2421941549872646 0.3442151396679698 0.9897843310559851 0.8069308214958566
-0.689422116528579 0.7269653584190111 0.5283169234353216 0.8437358170245319 0.2160408106966728
1.0077477987090349 0.08499218582557233 0.19779246313445675 0.03511151682417779 0.14360077207025168
0.3166903030484327 0.7495088693549024 0.7723326961163616 0.5392624811634116 0.7518791350472799
1.6267655953320488 0.3102341895508718 0.1064174317739559 0.061123314042628496 0.5907773304717354
2.0724551737976857 0.013320823239647672 0.3935128127740809 0.5427506004096212 0.7206160705349177
0.7861893174116161 0.12342971589248775 0.6644311604381662 0.954493551829278 0.3233425866278611
0.46942878436451485 0.5050539678611875 0.06703787816548401 0.9961806514647766 0.2476121509111442
0.7681730441265137 0.03435840669855805 0.34214925893164505 0.7425734474882273 0.10754098817840863
-1.0287570447511212 0.9103552313779287 0.2764704228101452 0.2210244932683112 0.10491321931334607
-0.21808536062375117 0.8393712219121366 0.9293398954851828 0.7978668707887555 0.6208926912245598
0.3229049569151503 0.4245489391964483 0.3907106573591751 0.9708483914143465 0.33846132291314646
1.764902227898012 0.04193463437659528 0.692713734841223 0.6544725926931144 0.6941987606952935
0.944420763618163 0.49150115265841365 0.6852684449063763 0.41633583968574883 0.7607947297801037
0.0917084141029749 0.27524831778683156 0.4677892607564157 0.9265165074177029 0.0998401046816807
0.8395506593462507 0.6375353472075629 0.641839156131372 0.9429524103730171 0.8824384265466156
0.6731080417122639 0.4174218998292253 0.997587191392061 0.8163257076460707 0.609104507831277
0.1512068506617964 0.263846827696809 0.7844256478930594 0.7992151767431512 0.17905592187495778
1.2346505244273462 0.5243191562970304 0.8767419281057378 0.2845140046774568 0.9513078892788153
1.7234461662379925 0.09953635054635479 0.3612293155385833 0.9753267808255912 0.6515679440244309
2.263202203795729 0.1886531679442398 0.2549837015992137 0.3814962202173723 0.9112027630194416
0.6737442917130951 0.3694472794668463 0.1575259560413962 0.30458267939473205 0.26302616553081193
1.2276736121299912 0.032139767665000596 0.8698485789674842 0.3873446909315552 0.4372519730382568
0.6135203945505134 0.2735582379267303 0.09706773430736593 0.34171164002879006 0.07519525710114228
2.1146976496323453 0.09610258750483869 0.6748959936335731 0.6671316854389515 0.9150464820326205
0.7452985882013134 0.305767420888176 0.44267558833011666 0.21586049767774185 0.39730916537781225
1.4592383839988199 0.49691947610064313 0.5968861918509427 0.08367272028816597 0.9756941532259493
-0.08866929830972647 0.7043306763570002 0.3247338793855531 0.2906652300923781 0.3686557960129676
1.4730074698721907 0.5051952093916701 0.33431495889774354 0.5079296452048611 0.9203728371577268
0.37169127726160883 0.31915380975908547 0.8160859811460633 0.9720287676853111 0.3542446482219753
1.1276302837671812 0.08779148852537233 0.644279458083691 0.696655909449282 0.43203039877567906
0.7237977427668683 0.507972862129178 0.8630221218965721 0.014305988865682129 0.6745278807547413
0.7670435156800552 0.38271056302945095 0.3978340464940714 0.20281149002453014 0.4696182866902503
1.107037718697534 0.4944130602495673 0.7514986521188785 0.014956316018262195 0.8295671254701082
1.3784888720624568 0.1826782082726689 0.810738009238248 0.1079695027858445 0.645144722314624
0.4167587127038147 0.06738572724075853 0.4769858743328772 0.24658164200635868 0.004930050571846478
0.7237556420204831 0.3434316722044013 0.70700376617406 0.6864955304668506 0.5182676317952637
0.5943359591889783 0.2259688155748446 0.1361524154670093 0.7549390919921319 0.07820734845171928
0.4561264325289367 0.9096120058726027 0.24910749707186308 0.3898773735725958 0.802446826271336
1.0823508563406967 0.1330774657800955 0.7053724660343288 0.9230909605066946 0.480096891487919
0.9076424023182921 0.6876192600349348 0.7293884133038101 0.4394172471942718 0.9571265804654547
1.1151497566171886 0.20975388826663888 0.9604174071753605 0.8258226928000655 0.5999410522441517
-0.3423391970439457 0.7324171779315061 0.09221243607357132 0.9987154890414508 0.12868931234893122
-0.011760290802535989 0.300445162509101 0.717813355182585 0.8508460361965602 0.13290275997651135
-0.039858633534452625 0.6429073414747764 0.16366092836422297 0.4711917386124861 0.2241425240789252
-0.2170934896741762 0.8888377192676868 0.12130308957495928 0.7793176551552345 0.3726392239664834
0.14660075376340775 0.2703082385741862 0.45174992822361604 0.6316881584164651 0.10048239686129767
-0.7128457926784583 0.933388680799517 0.14867059669443405 0.5602805745033728 0.1989116424402012
0.8969995406245148 0.5724889596121703 0.8203146682942252 0.5476474356963362 0.8490952067334069
0.21425521651511303 0.853415880363973 0.36491643371847915 0.07462337408829145 0.6774818034708803
1.3873694719841854 0.20360137345674134 0.1502567509910332 0.4120686527579335 0.4281753890158201
1.1312266520192 0.380658640925595 0.15603193652240877 0.8045387017402746 0.5171830953000183
-0.4122293457265124 0.8580564514650922 0.02902637046530465 0.31482554147945974 0.11399782045560147
0.5123833842778396 0.3288682247611331 0.022696607574082872 0.5753995465865643 0.00496079848542208
1.4413814185053284 0.26257948563476974 0.4995857950088274 0.27700818667525373 0.7062923767738146
2.0145110526699557 0.09556990951858957 0.10991220520208311 0.5012613480234555 0.5782244171746221
0.8251641967999314 0.22983620199322496 0.08299205292405931 0.31117341211735294 0.11265878606356083
0.9718014183217814 0.1195285043767862 0.9812638088471592 0.11998863717815278 0.4014824764871686
1.6952274180891724 0.03548738307103072 0.3753475079459264 0.9446546435150097 0.5762012135437726
0.2871343215168889 0.3464168813624039 0.838624893310688 0.9531909724637253 0.34414589060229384
1.5005606854556661 0.46502480904907995 0.5764371589562612 0.7880215944676903 0.9944361974006222
0.7629306740300635 0.538132783743167 0.9155368349079616 0.7156592881040564 0.7672152370127577
0.7356715107531515 0.3765583984448566 0.4643517410577338 0.625296995181448 0.4964473582939949
-0.8613671603084996 0.9292156451515999 0.8554961474856695 0.13349409817181557 0.3669585294130213
-0.9346360555407842 0.7574552554828339 0.8594139526089125 0.028266832725034052 0.14659388819651298
0.3309616459506777 0.756466319393546 0.8829887687932951 0.4338136482322933 0.7727919020598233
1.0559695071510404 0.2558322100430125 0.1727802073242709 0.8041245564360399 0.3655015731447454
1.7104524860192387 0.2751913061195277 0.1968872138062332 0.28793993276948726 0.6908082758358893
2.4901044911597663 0.2024108604066548 0.09469688457497782 0.8139152152574121 0.9160325303239168
1.2726746003638096 0.11363934217022698 0.8132245602825008 0.27717512458585347 0.532079525813012
0.050215871835546766 0.5096959505563917 0.6058468998276407 0.3501728317205849 0.33482158555593045
0.4989461793827966 0.10157724714827387 0.9305552545921314 0.9710732565438753 0.19794576771198713
-0.5425986309089075 0.4907407656145033 0.5667853379501603 0.8814285498949179 0.050640750390781086
1.467622391750501 0.35450560375069495 0.9213052837169652 0.6564030043968374 0.9078947992063752
1.054916964151592 0.7292006780344131 0.19074797690507828 0.5839593862987043 0.8649688392983232
-1.2449176486345546 0.7640355752749779 0.9493134593044095 0.19531583696675914 0.02298431673968826
1.6371193353723246 0.07204776461472562 0.7185769476501848 0.20362759922973084 0.645195762863722
-0.08115549052604698 0.9350522212079263 0.6619595782077882 0.6833192254857462 0.746751116160337
0.9869185125261644 0.7005756596345168 0.48186720094470903 0.9690529515102847 0.9784982467453663
1.3849254969264673 0.3307091467151785 0.474092383169083 0.25859904068106676 0.7415103212479704
0.689252171918578 0.2058387028690134 0.8826263623732415 0.43087003780365185 0.3663684859910319
0.0070423481954045575 0.5903657532313483 0.1962904924894815 0.5908204790723799 0.22540210035433894
2.186184700705884 0.14221009654778083 0.5465926005037504 0.5498121988864009 0.962986504835796
-0.4365686150915088 0.9466607166417597 0.05728237409221926 0.9940982662805622 0.266720400765333
0.5546840950144839 0.20559351996936837 0.18924734798797738 0.9800599465965779 0.09667052770364903
1.5201838364553315 0.09328038743852063 0.10512317970527407 0.30612611557071223 0.32492254563702383
1.994788999522476 0.5442414307066594 0.055268168518710414 0.40568218746287665 0.9707021089218342
-0.9555855937014353 0.9803045121812264 0.10193765662882959 0.4504505175341905 0.07953403379816792
-0.7981761590254165 0.9269828271405122 0.6957488563414116 0.08457451114928827 0.37083167824653585
0.5834134488247824 0.38554801011836903 0.5360722075677167 0.2520739198583044 0.4359363777328359
0.18265948003630156 0.49549676200675874 0.1810682433309999 0.649537721244689 0.20006393874308837
0.7105653537811698 0.19412708592831018 0.6263612597009737 0.11401737748095409 0.31013790845043887
0.5119700863527195 0.7207848991120762 0.5135745864558054 0.23847266903444508 0.7458957791360609
-0.805553174376515 0.8635826630123777 0.6299096872617427 0.42494227011105845 0.3072184673987196
0.47202985764342975 0.5611907398846808 0.21904223318636962 0.32827796201412307 0.4201336722806266
0.6683572687187249 0.9728227296962567 0.08956489874649876 0.36671854758647493 0.8268461099051425
1.3930744418109604 0.017941563050050346 0.5390232196393273 0.7566792208800526 0.4636042897531143
0.961282581604306 0.4336941283269068 0.9467395465704296 0.31241608088460604 0.7336960754637689
1.3029037539602923 0.0249953473830431 0.1405020514206703 0.32519310510343613 0.18694285229577556
0.9192927504405508 0.4730864030054659 0.4854779329077529 0.40867088374480764 0.6808103380802755
2.2974719428877437 0.09115891160465439 0.05974620571726341 0.5975541848668432 0.6558160377306496
0.36832954313664434 0.28763180004853806 0.9719456758681506 0.5677481329829358 0.3136939606143554
-0.8903558816269693 0.6279319630540875 0.9265333938189078 0.3328502021906993 0.05495976306596351
0.7101908935432231 0.5936517145690228 0.33830666863661085 0.9434022429582131 0.673746229531435
1.4224796062361096 0.26264921839278 0.8916732634451343 0.5686090026744639 0.7830899363672201
0.5783390736315217 0.9975645354853715 0.26862125385027924 0.3866742783619772 0.9655581086826905
1.0734251881789996 0.13978930193849426 0.12931910947267689 0.19018575258431902 0.17959684836593548
0.7026845157344928 0.6559698997329224 0.8864166657408734 0.32363295386720126 0.8389408273277821
1.031966807411605 0.47054566249810015 0.16293287802667034 0.8421815862531655 0.5721934956149596
-0.3882508093175844 0.8364425923349719 0.25890868422745295 0.4842638633459426 0.3353105211288735
1.6235996237277692 0.5879474338047365 0.030144515184982845 0.6908386024755397 0.8216781887926012
-0.02168851999589816 0.4104288478686955 0.8134687854764345 0.5721549873713363 0.2423298437152468
0.9837084041385944 0.2938047061712883 0.3772270923104786 0.4851592038149187 0.48573469376058165
2.584299906311233 0.10211916832153545 0.06101562136355976 0.8485049707986946 0.8180652233833552
-0.4500110901603978 0.49517097584297265 0.5958048526040137 0.6570449047484143 0.09518911784885342
-0.980484037087664 0.7506090465152687 0.3394138178723076 0.6988353245909488 0.021602963898032956
1.186724802835431 0.08691253579752234 0.27966255687841624 0.210373858269431 0.29865701202485284
0.3246082174840361 0.9850026072166747 0.4406822402844951 0.6590993323676937 0.9312966225843199
-0.13547052721953656 0.5268650175565609 0.8726570285447416 0.14057732204145934 0.29321098129373346
0.3058130171421123 0.6997210962401789 0.994963053929517 0.0316787734188505 0.6881038309390701
1.2829190967288313 0.2766154604434472 0.4708970684452296 0.5747615367575601 0.6519943857226992
1.0385815363376938 0.3455829079830727 0.2966924328324104 0.9320138360211241 0.5467151315184371
1.7122602051335072 0.10610520096749443 0.4519481721466936 0.9251623777834428 0.6886782841631975
0.9486097599550595 0.21487042704645076 0.13251459626930184 0.36200397119545524 0.21135126304937946
-0.4125604566610148 0.43275381074344865 0.8161934793033386 0.6364973154963319 0.083210185778537
1.3652069154834527 0.28598186906413414 0.46731252573245063 0.7535969303008501 0.7088507581442988
0.09336264085408946 0.3274836122151542 0.626489682372418 0.012242238906418512 0.15021102039096024
1.5048033645005054 0.7831526061804696 0.019797621292931056 0.20951303061688165 0.9298635451900781
-0.5211708774747082 0.43450471677761604 0.8100085399697372 0.8400863289291162 0.04280752703801871
0.6807630316214339 0.6059472401715652 0.41505704663201803 0.5042490130054659 0.6857974192554384
2.120271555166057 0.04605170164941674 0.6863846839719898 0.2822355358059101 0.8470393015384515
-0.11353162916857973 0.8411400646241134 0.9813686629502554 0.4787396007227668 0.6601156521595912
-1.0188901742287597 0.8694366475134466 0.7140535264920451 0.5557994205985636 0.2339262176354
-0.5181789616729078 0.8215338896178894 0.4218815027476538 0.8811057745331705 0.36251628954768755
1.545962538217038 0.31418438838578544 0.5297524151966311 0.08055187211297132 0.808228669224774
0.09447873405214535 0.637009446513484 0.5730948574926008 0.045427227402818904 0.46473882926718724
1.5835293592367221 0.02945430854140496 0.1966223435830572 0.8166932408352923 0.40014956431762694
-1.1158323161119936 0.9969132430798072 0.7825036614129235 0.8853028421811054 0.3476615130676741
0.07457324386634531 0.43924125640628897 0.14438502448208335 0.8884142557419074 0.06863681340238381
1.1858185215715198 0.493900098046993 0.8760175272136892 0.4870522668542875 0.906947316988905
0.19169543637531283 0.40642705889154684 0.27803424436820656 0.8426787151523054 0.19150964642609403
0.8179159713755783 0.5451253581048433 0.6407958873846218 0.9905057665032695 0.7773970088593248
1.7093343978258912 0.28987042548539843 0.8724858812774753 0.5539094569154862 0.9456449989237823
0.7319096621016732 0.8553162860331663 0.5537289707877808 0.17872059888222347 0.9995168587402965
-0.3538060478049121 0.7756042339893434 0.6140996244186824 0.9712870266202656 0.45440219676671645
2.269488571777397 0.06349056814414089 0.13957513282081724 0.5375110461879193 0.6979170302148402
1.511136293195027 0.16291300725691038 0.6902408066636023 0.6781006657753474 0.7008756653173384
1.573593072163336 0.580861047274852 0.10783113171383452 0.45426849117713974 0.8719815209818724
2.1611169017876843 0.17339977877445523 0.5517441433047208 0.3061736751878331 0.9721685447818269
1.1055060358398774 0.051290572086369224 0.08221870917732765 0.13144495504822828 0.048323569629568075
0.5268402616234982 0.42885776703288137 0.48533195856445777 0.1621720576625938 0.4341303108057505
2.286701254596746 0.1397700640350774 0.1395958734754169 0.8818915379331378 0.8033966025538706
0.4711310407803666 0.21086768371046583 0.39825994381165175 0.3913258170218007 0.15910308410329033
-0.1736801558749157 0.6446288918701916 0.8171125943784052 0.44672698507946706 0.40916772195724127
-0.4681595919633469 0.7577108013264966 0.4537357410303736 0.6525310762024048 0.32013170350236075
-0.4278886632794332 0.8026273449529638 0.3224599102065162 0.12604509049554657 0.2997891550863321
1.6290301055274523 0.2892143590542561 0.7225461997583049 0.5229367076659271 0.8866108252492901
1.808792557272257 0.11650342673240188 0.6837372347425129 0.07326569206461375 0.7604745530533785
0.5143852072277315 0.4446794851284487 0.639575070496968 0.21230895126906346 0.48737387989170966
0.12384744758645794 0.7875034534501024 0.944434498781795 0.23282736040996144 0.7010565718098151
-1.0273001939887898 0.9592457394804299 0.24666981853417758 0.5634057013496317 0.15550504406916432
1.204164201328278 0.025301219299039945 0.5208676478223243 0.960760209368235 0.3862082594258578
1.0794083565091692 0.23686615682639922 0.6673882649119616 0.9176153150796241 0.5805766822349587
1.1419361289773804 0.5332751190529245 0.2672053191413697 0.19282848199600422 0.7360843834832183
0.7813509054754526 0.05718146973145821 0.6049640743430288 0.7567577876098921 0.2298113690622955
2.175852754656188 0.07408835976964367 0.1805269133238302 0.9819143750966387 0.7236801036197729
1.77374683137264 0.015821929223996056 0.29629117874993516 0.972925317458252 0.5530601584651185
-0.10603602943078361 0.5802299603169602 0.788166780766181 0.02467241762015948 0.347261114015079
-0.1636213546434363 0.629315082064962 0.27673521024109415 0.4213310474922797 0.23345908086757505
0.03509002884803425 0.6445805126359252 0.9047285475864707 0.167246318080975 0.5021813516464737
-0.4597147623980342 0.9158947122034516 0.2731231831984813 0.12172561945456084 0.374064999481465
-0.002748915459558132 0.5359082785516126 0.2915339847643761 0.24066444274604304 0.2115238457291777
0.6959800954608846 0.7548866102922646 0.7548867804760379 0.4564346807679076 0.9314147357304765
1.554841154135634 0.5756699108142422 0.21080080434763737 0.11780267463201166 0.933071308664822
0.7041575129162566 0.33870281941093316 0.8533669748608396 0.268314274066485 0.5010423896177553
0.8170172243657099 0.2865843793211551 0.21076467396049214 0.9569467549461615 0.32250367376879874
-0.09445259410987128 0.7105753948448664 0.844226941964954 0.5895483090137071 0.5264256236592181
0.3791252145989188 0.7823639504876786 0.7539430977120176 0.3229803337685202 0.8020545429596112
0.6138840061339557 0.7412431225533128 0.6261933237164657 0.9309901661306335 0.8798519298790084
-0.009070668518206593 0.6457881121128891 0.5914336898427575 0.3244553087601847 0.44448602158568895
0.8517359572835392 0.022950295522702335 0.8675273226436984 0.1660697300251176 0.2363189286602554
-0.4581310902393227 0.5760761520531735 0.5947507892680612 0.8366367067264743 0.18482213658377356
-0.2813385792403039 0.4454457653253183 0.6139932963134846 0.8676584426479791 0.13799292440209032
-0.3301714547929141 0.9147383167048523 0.1666830450054262 0.7277410458963937 0.38655907504457543
0.3034330008178834 0.6469490292004529 0.8013229317977368 0.5170708102608624 0.6406314715740509
0.43768731693882157 0.6047760394385314 0.3134376909989459 0.06675182240761712 0.4963905022663303
0.7864493353046178 0.2180266556112137 0.3168709738646853 0.21687190673056156 0.26758549140281773
1.4450851570053516 0.4860014750695344 0.4034560824029779 0.9541720231954661 0.9418893131282355
0.9093353949464733 0.20413244710207779 0.06172033682302447 0.9335088272435385 0.13233920407748567
1.4534111423121532 0.39684864712248913 0.7232736011755789 0.11882154432474856 0.8939975287910306
-0.289615739499424 0.6795551009022343 0.4473140694256501 0.02767519631224946 0.2872596770021646
-0.5392228049785626 0.7085625758159989 0.6311087397833358 0.9957884060245162 0.3006458324788852
1.9135754494516184 0.250563926677544 0.1530383113060093 0.9734783346945213 0.7589084441126682
0.3170929109460985 0.5285275576585614 0.707777300972828 0.12416744836890736 0.48869187716648954
1.5255171403298173 0.4840677538718259 0.12065406183425853 0.818120026473925 0.7796674601485616
0.8172917156575996 0.16796690740518494 0.6736009007580828 0.5247966476554949 0.36496190060534217
-0.1616395340507868 0.9167331943810029 0.8804664321628517 0.9204292059796777 0.7305504160994848
0.5290852571764428 0.633548072703855 0.3890751016804369 0.777464604913387 0.6454344397179244
0.3349895149038481 0.5125447781825166 0.5618226769138572 0.04067678030312838 0.4457694031429904
1.4325152878565266 0.430260983944428 0.4186849932303045 0.2999018945296231 0.8502931285839023
0.8190538211551259 0.379367104639065 0.10457683579284205 0.3066168780936772 0.29019986353531035
-1.3769137422135944 0.9634512826365035 0.4409334361329521 0.1773853277165215 0.07295687216127678
0.31664672352039736 0.24608497175297173 0.3099121344054079 0.9252957220483002 0.10600325441623548
-0.9180648503579982 0.7665326979002002 0.7945589851463346 0.34729493365130304 0.17441566336474046
0.14182962199208987 0.35725859797363946 0.25625985510756966 0.7391366932477226 0.0970428258890198
1.0680455288663109 0.003573716908423563 0.761925461093441 0.515083978861412 0.32555182483492573
1.4731244720278878 0.000590973424179464 0.43101994225498097 0.14637882284580406 0.4159124479978522
0.2969934589669852 0.2319756639853765 0.9309073920386158 0.3818755075936454 0.20854152810986049
0.865404542878621 0.6733490954901088 0.8266651298133023 0.12151590313966132 0.9174358497132081
1.191967052556232 0.21584583221334996 0.8474639506754522 0.2732626941747077 0.6042842595586614
0.8519423523205791 0.7155020446187644 0.9770593672706311 0.467269150862362 0.9873429007791407
0.6491771967087991 0.7227187289354459 0.6765303135721268 0.7760714427349398 0.8794038684220973
1.322550807283865 0.6494965329522986 0.1650137038952736 0.11317817821607423 0.8615575656293175
2.353789481933601 0.07882618074456649 0.7478745844536087 0.21067190130383695 0.9983404552289615
2.2403837488408307 0.5009426111838314 0.021321965745135008 0.4016643762891956 0.9970489633753818
0.16901750193136977 0.3361734278669073 0.9083596843138756 0.6252742421635819 0.26762281996840576
1.217210163119668 0.09624867824310013 0.7700012842922253 0.3270216936783742 0.48476825029989834
2.1103289480753324 0.07297330569228444 0.35768577511926725 0.9765713129510016 0.806315624652116
-0.9403994002197906 0.8137521991413129 0.8014804415269184 0.5777243538600038 0.22624523501347615
1.4590167682986246 0.008250021692425502 0.874613205487708 0.8810087124997895 0.5480763490283759
-0.768873180487014 0.6740419261542157 0.9179949750392188 0.34187313652439877 0.16089556962187357
0.6884836396055326 0.5562364755309384 0.9681047003680326 0.460346014980498 0.7416590944789458
0.7382957281507718 0.5648057342263403 0.2826647787550416 0.5320698250534275 0.6048713388985708
1.3530332320252443 0.4511370390654409 0.8804173013456488 0.6358912305238491 0.9499005449608374
-0.9559256237104627 0.6798612190028213 0.7677390130083472 0.20956370769172294 0.0546310155378269
1.567836472034838 0.09997909734425792 0.4100230205180734 0.8807458837974955 0.5951216141204981
1.5576779653498307 0.12073164403791936 0.39883815730046246 0.942953046512026 0.6103421717777516
-0.2990034498509726 0.7537990046854001 0.7675769802074855 0.6841012980806228 0.46998499682798967
-1.21520858033148 0.9937633918423412 0.6546839866510392 0.31678188741118185 0.24765666025558564
1.3361009481508015 0.21388754015204925 0.11352070809428216 0.91724590925383 0.40388365891450306
0.15526313484326304 0.5918290341076007 0.7699917204990706 0.8398020176682944 0.5247099049867813
0.8017640315570831 0.4273279079267126 0.9967375052679985 0.8600734430103436 0.68284214427515
-0.0010609044421102665 0.4626788058184601 0.7214274605676194 0.1345591152875646 0.2709513169127029
1.1357589382167843 0.3334273543301425 0.9346873090702807 0.03939028605528305 0.6956549371024602
0.28497883537732016 0.6852569173122638 0.3531893118452011 0.7725482706483527 0.5663798171709085
-0.6486797222386704 0.4926561489476734 0.6044248476954998 0.8390811639997258 0.009013825588902291
1.4665192664201565 0.42923432266234307 0.3448648174817428 0.24599812256602704 0.8291090418997772
2.0156614401140307 0.2530218054625558 0.15410958350846238 0.22897686457872268 0.7728047704076124
2.0919634259116964 0.0031480810751243204 0.6210993588631644 0.05678454187680382 0.763539466452102
-0.47106018043411 0.9758344200681915 0.2717304155547229 0.2846412444692674 0.43956531950068445
0.8188550170048561 0.2674773751336529 0.17578925393740497 0.440762388302556 0.2487830622347258
0.680980888055309 0.01176098410840154 0.2819973268183116 0.7345807491851314 0.008137654106631809
-1.7311516844012684 0.9677342864210778 0.8938910763149933 0.5976696448751484 0.02172149621072217
0.589447254164958 0.7903261745110581 0.2507200797829605 0.5707881871821147 0.7515770818400188
1.1660076665062364 0.11667551134662213 0.1662236132787004 0.07576771001735405 0.22779118392637432
-0.7875478926058874 0.9545144314093652 0.5348756540122255 0.05684716269108281 0.36795609291172715
0.9816308433789449 0.6546008454744999 0.2644050877399815 0.781406515539264 0.8159368469342566
0.773092531032892 0.50878574589124 0.37208282784352276 0.2145631625558988 0.5937265830656095
-0.11813329410154882 0.47575182552730655 0.708256116278624 0.8730211546934085 0.2654656484227398
-1.55607778423561 0.9247012458276789 0.554171184184882 0.5737328653802926 0.00396091496637474
0.9470541583204736 0.2618699002104401 0.5647149982841557 0.08870290573463546 0.4780693695171616
1.0789710369927115 0.035346189840395614 0.9743954197562461 0.4478694997542553 0.3816974978907637
0.9089159706473906 0.43287488327644486 0.7874906603504319 0.394761877208059 0.6965232027327849
0.24103324587072533 0.5141438442215185 0.23617370284341332 0.34724961488147654 0.2744074992414819
0.8122884679057762 0.3181667154430846 0.5282161017850808 0.6556643359256674 0.4934430331531644
0.15058244115568287 0.8166896253995317 0.2703300447828816 0.931501916122997 0.6011858580636096
1.477047743065079 0.2591093346387314 0.6385298306484957 0.3844040985408752 0.7605126719199267
1.6071986560735303 0.46217506751085047 0.12165061057023985 0.6883001186283539 0.790159779077071
-0.7814987558097033 0.6798512331909401 0.3835515777630716 0.43811261796189627 0.04997227052389741
0.48976655182987394 0.5923363524715163 0.32126793164549583 0.22616624103037397 0.5213675441123209
0.9837715563573196 0.5091011888581196 0.3780281371452493 0.33510882451189616 0.703691191134538
0.4727315677063755 0.8207060402978552 0.5115273862144191 0.7469198535735819 0.8579461476327009
0.05313646246857007 0.311847441209923 0.809507697258667 0.4877065269126063 0.1698222553259453
1.4124932464420152 0.5040278649026205 0.2731774424361392 0.9441939373035183 0.8769709779014417
0.6221340126650605 0.7279554654519846 0.6903881525744487 0.1480855094233513 0.8413143197953925
0.45520087531140807 0.6219199738062656 0.5861774269847337 0.902680399808421 0.668988345420594
1.5011114987377634 0.5570309575690904 0.39414822248514847 0.15089379758950394 0.9973271289938711
0.6101949755941143 0.09689221251799418 0.5199148540453266 0.35771543974793163 0.1474143380883408
1.2467064967055497 0.06303691938498368 0.6117614680212239 0.21788382572575904 0.43075643412530673
1.5916124069476676 0.7256011631361209 0.05629895748663749 0.9588351951507271 0.9980173125990638
1.916630569177054 0.009241528662183085 0.3085257733550334 0.08984171600601376 0.5752918943090143
-0.5510089417915721 0.7211567662817898 0.6278045416134583 0.3151412483081084 0.27289759315492446
1.4504460303843165 0.4669924459804702 0.7251205800072331 0.4703632177026128 0.9854555280170106
0.1785299711872752 0.5771442763513801 0.9236024114831151 0.4432170790297004 0.5164056826225785
-0.1147656509129128 0.7399211391092239 0.3177129103628078 0.05215732787477878 0.3764456927163363
-0.8268515041323953 0.6409565097358778 0.8853301411130482 0.927972071440227 0.12569319339806528
-0.5800576170784925 0.46624304405764316 0.7421689556272771 0.3750962142362837 0.015250400231276329
0.3606651103925639 0.5082424827322649 0.8971136695264704 0.9043294933419587 0.5520719966794209
-1.2616488617241264 0.9056462837800162 0.8895954998251668 0.7846337401186778 0.18931213376723066
1.439827185429042 0.34293863163116367 0.7458179293724294 0.13984251914607315 0.8355856573933204
-0.33858131570118305 0.6015633937290616 0.4827579945762528 0.5336544759082174 0.2221093372184162
-0.3113352569557497 0.9226659219345538 0.5110940357782419 0.43514509686587854 0.5752052479377997
-0.6142981575446702 0.614975738508342 0.8795476076994809 0.8170952899263133 0.19373533965747936
-1.2476001757925728 0.887875683101097 0.6640711202487322 0.08191223087501653 0.11009731620257279
0.86595261100978 0.4952824582336417 0.8990057390276669 0.07438306698093378 0.7357190555011586
1.0731576602262998 0.4408946553251373 0.8492548180273841 0.05475548343638437 0.7715155584823796
-0.03802968835720455 0.5018959347396773 0.7820843035119166 0.7966374681269721 0.3379010837544245
1.2847586536144058 0.030954053804182147 0.5730076265151951 0.21060456327491994 0.4058393650480565
0.25246773991229887 0.5127461350861855 0.9745085977917359 0.045187931426105554 0.4662007894332242
2.4477305445888127 0.18737688043982337 0.16162367795724786 0.6915486049566966 0.9410302045326964
1.5821493935056399 0.08489755246760144 0.7432510162896511 0.010229911828554594 0.6253450575923536
-0.5074820540766053 0.8397555060352943 0.4327135275151225 0.03458866873453348 0.34625206905903017
0.6509517683931016 0.8218124788327956 0.27246030469718885 0.28825167237385485 0.8131612894655138
-0.6634708550320538 0.6832633475165651 0.6750238868575474 0.47394791096023947 0.1972634954140149
1.6923296350117143 0.09931724453393098 0.9283020473008431 0.562341748200947 0.743302446260137
0.4350917164831465 0.807908531964801 0.18173868473312238 0.20625441620435092 0.6246014254086122
0.9074301504755831 0.6374435159047294 0.34056998938823013 0.8840239960638341 0.8118361353397702
-1.457708420290975 0.9329295666491604 0.6846596303312971 0.3918732866810509 0.0779628364873638
-0.9211102269764289 0.683802687035349 0.8428815838206574 0.5882086446530362 0.10452019369300991
2.157155048122287 0.27211254355962844 0.1036355891993378 0.43683905352482144 0.8209942959627563
-0.7031939910775936 0.9094690029893822 0.7609640215186506 0.6129309069563692 0.4360716576965491
-1.0124485061907689 0.6890308972380932 0.9683167761044883 0.05495735645486921 0.04865422432598521
0.11229070893786963 0.4830325729161845 0.40403961025250457 0.8805470542518111 0.30079669096324657
-0.7983963818935348 0.9500344825834622 0.7685856055561087 0.6203794209872254 0.43464865483655224
0.8514034357591374 0.2424661215268783 0.11568493946879665 0.46288946551238364 0.18229567022686455
0.9022994490111755 0.25738071101437654 0.6906392500458841 0.27773513163810437 0.48893195803539324
0.44887643122055965 0.34142565241409917 0.6862507953477718 0.8232617122018385 0.3886207083751978
2.267740878588351 0.0005740815201202842 0.5864652640200331 0.8157937556315453 0.8769831823175569
0.7754079883741212 0.20995638187845866 0.20946582172460237 0.9382597937026316 0.22050960848731238
0.5272130704592318 0.6450055364175541 0.4241227702072685 0.07530315422893052 0.6338994781520546
1.9843501830040093 0.4184195368912198 0.1789671891300857 0.35991090573990336 0.9603213326359453
2.516217744807759 0.007206156949704279 0.1749341110899153 0.5718296296649519 0.790506266242093
-0.21131652141534207 0.8378702985179823 0.40523763800398915 0.15054320194139204 0.48080532919880625
0.5472552485800366 0.8799047162974245 0.5957877191652838 0.06707554806754101 0.9414500933967511
0.4774873585545182 0.38936290591846556 0.9239559864007911 0.37641885374216133 0.4585157469536142
1.1467160441726398 0.3032515417030367 0.5481511378670003 0.27229687655666335 0.6223577319807608
-0.016425383218689138 0.4246466374052009 0.880993931617996 0.31404758903402297 0.2531446212328843
0.526833604399221 0.5704476222983855 0.010449391767533789 0.02324366559281743 0.21756231248973246
1.3703925571831206 0.15607120909331207 0.7203125058567604 0.7592323013198626 0.635679991661373
1.409346031980779 0.13883282375737382 0.9022108299737354 0.31032018133697803 0.6343877082025672
1.0511318323560697 0.38817960746878377 0.7624149100281816 0.13709145759361585 0.7000593036484195
1.0951823059248131 0.5794127985490624 0.8967748571318027 0.7143574849485959 0.9669799300466843
0.9843041421731289 0.5568754934814772 0.8871547137422772 0.18301223539456069 0.8616041704215684
0.4075607614547958 0.8855056083718991 0.3677916711710534 0.6227910214015013 0.8340140620836997
0.12807383628659064 0.71267506391819 0.14187593301897694 0.8941918589624618 0.3784553025402223
0.530656955834593 0.2131122751730249 0.2264886578963078 0.5375327352089958 0.10002443744086542
0.2568653758684176 0.8752562938438931 0.4594225597816102 0.19492678173345668 0.7662499116976719
1.1257379784531139 0.6220250173185685 0.6233056016478317 0.8655798468583726 0.9949114538839271
-0.47436301157602734 0.4670447992173977 0.694118514636518 0.5295168885414361 0.06703774328226564
-0.8971221165589367 0.7777108607554097 0.9016271906836186 0.060557189413806944 0.19148787892197694
1.5370334674604529 0.29197579570985566 0.8949392265965596 0.005851797876520903 0.8380398434528193
1.0742391945688408 0.32071402118127523 0.46061052467977126 0.43826880443763006 0.5881170048094415
1.6432845762944992 0.09034153058190775 0.28120687992069116 0.2819888283972317 0.5245403327438035
0.37401206894931316 0.958947483304037 0.6081335120151893 0.770502541535645 0.9819387913731887
0.45432995260682274 0.8027419369837273 0.1553023660579873 0.9315185179510843 0.6425709805273492
-0.02789293675024851 0.902116482500045 0.5379521419875384 0.05355353958894693 0.6754706096578731
0.36110607708512177 0.6492956102043157 0.9251906422277855 0.9546617127688113 0.7048850683239172
1.606760372700424 0.15609003026380963 0.6206047070349214 0.2964326658594887 0.705901101899659
0.4740328359047066 0.021795282048888254 0.6143137812605874 0.06545788296040889 0.011663420988162532
-0.7439828677856708 0.9308139480375339 0.7252061749072594 0.06832378401223049 0.40446837632248356
0.7705131920590353 0.678648975260458 0.19438377268552554 0.954166410632323 0.6979923878241029
-1.2675565266330586 0.7758091634722023 0.9764801644424849 0.6108889679067763 0.04866577554304563
0.5050272276305519 0.6264716583333687 0.3733988990061835 0.17610835764915755 0.5878510684394611
3.1248977366266972 0.04067591625173772 0.033646083634723434 0.6990525454017658 0.9684017352887643
0.06399773708105239 0.6829795398470053 0.39161523738704274 0.0975351803183786 0.44084443080618185
0.3230827039323343 0.5784802669935267 0.49003372169131587 0.5277345505709048 0.5150588977367775
-0.00868846843458937 0.8699978074521784 0.4999572013478165 0.9875927615076217 0.6885672865485071
0.8172948747504443 0.456558167524995 0.7834729583919181 0.9716115941437641 0.7064047478897094
-0.7709686605825272 0.5718612480880666 0.6913760480030958 0.21425908928674464 0.018240749878263962
0.1178759162322498 0.6600385658632605 0.4576878835849054 0.37819221709955486 0.4839558004036638
0.26630847101573274 0.10680294586925043 0.5513259748519882 0.8395966331538014 0.02757098768588495
0.2616587314752372 0.9633008327443128 0.17512898924357712 0.9624322330592598 0.738164316839681
-1.4216911268377048 0.911729347705677 0.7468919820258013 0.7842044768521098 0.10297337432227027
1.1058808816762797 0.457276155802539 0.6838546848108285 0.8352000655152068 0.8230181829534571
-0.5062815179512594 0.6349504209143897 0.389830918973471 0.6614013020386452 0.14836750312046154
1.4060509743359737 0.054727425093188065 0.3839596662653707 0.1646222670947839 0.4221108226782613
0.42877317774260515 0.5175091192440519 0.937098158369585 0.48697964296489504 0.5764880736542665
0.6348664487528948 0.38343328258801557 0.814704249150223 0.48524335381437045 0.5223085848087703
0.06833812374843355 0.2722773131934355 0.4912701113835828 0.014593177758064901 0.04536680764932288
0.9550960010145209 0.09239387773305541 0.5750010818622746 0.32822303517379026 0.3201334815154616
0.18141375991927217 0.4704448437707487 0.17342417133724253 0.8010523753590744 0.17428580111932712
1.908723490648869 0.2082461214455411 0.19402526916986296 0.1459907257873374 0.7049554205945341
0.5886788090933164 0.2915944096583467 0.8052123694811818 0.2205004541530311 0.3887481608799085
0.5477234891503853 0.8835611569255468 0.6954739382462243 0.4823076121387052 0.9878545813846613
-0.8303662562029936 0.8331522116924462 0.5378404867140414 0.9827012414498588 0.26957056886266917
0.7960824429856728 0.2534228404127582 0.3982981356974684 0.10432201367203442 0.34271696818592
1.074993463498481 0.2198534993259501 0.09971783326968253 0.14489444928865225 0.2308009497629414
0.3863875910045519 0.0344328581600567 0.71553238643362 0.514958482507058 0.026449066224539464
0.4127417230990642 0.4055420645772888 0.9336554349477325 0.6891255899586493 0.46170137411106793
-0.790001696725717 0.9499080342564487 0.6687992067189574 0.24952117012664088 0.403172902944114
-0.8608617619084469 0.9044825793423868 0.3471182896439453 0.13485943399743583 0.213699214163109
0.2485914993769086 0.6816487149102806 0.2272804811708523 0.6751979769014796 0.4642075171094635
0.9853548535377998 0.15432875048104489 0.19731612728703884 0.47001457565331106 0.2289982542042992
1.9311206580944218 0.17671437077082353 0.5337899400025631 0.49325564903655394 0.8712132207475701
0.4968975598105755 0.5140319251300411 0.6223361278992076 0.1553283081203939 0.5449900013641642
0.2536455653419565 0.4526463427275147 0.7934513224576472 0.7588193436470193 0.4247508927279777
0.35070493978252637 0.4741372125582992 0.7684069929936589 0.6277707457782412 0.4836352330601894
0.5395186689148115 0.0458643042918202 0.4224107417120073 0.8015590152660592 0.049877676826127426
0.4156925638495248 0.7544244937669992 0.5471303339318976 0.8261052157473397 0.77538476670818
0.03351122739355972 0.5682615023455394 0.6694435377194123 0.23172386220926544 0.39464338943375554
1.3012142760260492 0.23803481919440583 0.755965178702088 0.4133399102506644 0.6760240655175193
0.7546464883508304 0.6690266419948403 0.10739100831755377 0.44209854060933207 0.5732580405590165
-0.007205630419643505 0.7150170444035728 0.8423303308308424 0.5612123491901394 0.5709602503293943
-0.1877750179274673 0.9684402782130448 0.9459691352200051 0.9038684765169082 0.7770487224376803
0.6201547128406453 0.5915129738487619 0.6546271616658982 0.7022694698196104 0.7203803390669867
-0.5430634538387927 0.7113077567371231 0.6110919832764488 0.6937025547195985 0.2826032954499553
1.8553952797819835 0.24599407212539937 0.7609511795130611 0.7415950817123882 0.9658991039756792
1.0825607524435088 0.08736119528300612 0.6135062335906994 0.09160517213374586 0.371425623112284
-0.9731538372008517 0.8036400402920977 0.30385692628351635 0.7558845435655682 0.06413918605990787
1.8927871675352228 0.18142003618262237 0.3510870097549196 0.45155599088608633 0.7866619875150114
0.9627951727143185 0.40187430770083077 0.7857735673926446 0.028537310031604424 0.6692970933633025
1.7331231594180978 0.223139535445401 0.07908154870937656 0.6158050183947172 0.5495339247671522
0.35139750350272325 0.7802845100624394 0.9628625560813255 0.5083938824966425 0.8180047186971886
1.440618314326085 0.42715484408586524 0.7919272248288307 0.3762666626180363 0.943289117960911
0.5311117689162396 0.6129619804187667 0.9364389614965564 0.22797289010976374 0.7112483517629185
1.0110032344013233 0.3710371211692097 0.5382233029331417 0.9228263219481327 0.6595201704141997
1.213584947468775 0.7081913680836442 0.23380901662428843 0.7415404039591253 0.9596112957481062
-0.5743590223734291 0.7606988352808475 0.17731608320915793 0.5195320067732935 0.10750833445229413
-0.01737236249548957 0.821390970732182 0.6697171443781389 0.6219435053383964 0.6563583249235032
0.9614217533529286 0.35971072927098224 0.49653843110329865 0.35066117364335325 0.58253154216755
2.1734707236513056 0.032141549944961434 0.9503325617670448 0.3601290649654887 0.8931013627694062
-0.03970063355584075 0.8695266227295609 0.7077351737665043 0.9701349203282772 0.7199531725200543
0.5537854397114441 0.9034103626079389 0.09658570905727626 0.7970421733704995 0.7296131301846616
-0.7766362310774493 0.8128469729418897 0.508544128464011 0.41735309833745715 0.23687133747122235
0.9310814857925096 0.6498236744128307 0.10399106238727918 0.19530943597739658 0.6201561469601282
1.2113996337285178 0.1229907916953249 0.7082598790298619 0.7702467929415989 0.5239493942903981
-0.6465087918379658 0.9944663937157485 0.015499617971780788 0.850234645990485 0.15410471353122568
0.670830993477241 0.6549028885659781 0.6647451855795316 0.4988959429098594 0.8023687299895115
-0.5030607482970749 0.7152276989808286 0.6246043156865977 0.770562516406713 0.31251839521103697
-0.07947028211880242 0.3037723634395091 0.6124631464918825 0.2947496947447823 0.05580092036578832
-0.04871477201789265 0.8413842881674714 0.36197767370055767 0.6854814472545697 0.5709450027813094
1.4698836340304855 0.13763458547952734 0.8207154169819378 0.727332866723915 0.6755578070700384
-0.05228903887393477 0.7396026457003212 0.816398848286159 0.36496200750363683 0.5620309601805467
0.6753740785723432 0.6617408083765253 0.6679384083297953 0.47067715672598054 0.8108026214062712
-0.8030137174962133 0.8303539938522909 0.2028420326483371 0.8055323173952521 0.10715392476873531
0.5528870375254927 0.4491755053855281 0.8607154732978614 0.7752565386955129 0.5719361068041823
1.0354232641106667 0.506373040402479 0.3914151366500813 0.9797420234656549 0.7642103670060779
1.8639848480532413 0.13634145807877607 0.8277885901913088 0.8668655101135379 0.8695792921283644
1.2062091720683035 0.0696234558924691 0.7489764353947308 0.37508636284085184 0.4513263126433372
0.77104237051902 0.3792748783127241 0.6830520736782483 0.8562214358362916 0.5827472094983436
0.26647823422824835 0.2520858242358256 0.6230235807718967 0.9662705975318898 0.20300063143400882
1.353272315155071 0.1721276560602294 0.5428730188754614 0.50303264763332 0.5942597226542773
-0.013708880535411472 0.33334920846204574 0.8352706142156199 0.027391920837099293 0.1382552170086706
2.180050491558381 0.293465213035747 0.16716591985423412 0.32247548936276116 0.9103415125735228
0.7790931037521163 0.528943187132404 0.7318916911052111 0.7440429285202336 0.7457484573002593
1.3134681838195166 0.27715302831543476 0.7616059276152586 0.63975948243387 0.735421651914413
-1.030943969703167 0.9785988474094814 0.5160309347229375 0.9306397638745134 0.31769398610310007
0.6729333819674372 0.5834047642093997 0.2866054750357335 0.7422912869313488 0.6063787066492673
1.2240328773063336 0.26636227315638417 0.8590415230005715 0.7659435148134286 0.6993787061290792
0.5119364693374794 0.6082023944638557 0.4539055369414391 0.0870554880686002 0.5999559448368639
0.3535266258348614 0.05292982785361533 0.7091626626712881 0.6330794221883073 0.03526555038674328
1.5518174393423687 0.5434460686582886 0.12044114281032992 0.26072509834204904 0.8251916241734943
0.6355780394205417 0.4803898203159416 0.1922493285862643 0.6601288370836814 0.40975634672661065
2.5480406046004576 0.13347715887018785 0.08234349616257308 0.4144256175975415 0.8369238782617697
1.6907673248030652 0.3070060645534768 0.6629600279303641 0.11082664161479627 0.9022087331547642
2.09962162576522 0.2243023217507064 0.2736311192030968 0.9390014543945071 0.9111664997165351
1.7414077506302572 0.16098154708301748 0.3030992380569735 0.7783912355281195 0.6842110733535947
0.7789445856597128 0.5221988866637036 0.21600895340612003 0.09763238405106867 0.5104321647454483
1.367429469065509 0.3089135776042252 0.5074049359178664 0.3722342168536924 0.7271705895385527
0.11550038963392992 0.2946928333948533 0.5262947662188779 0.052951865294443845 0.10409189738584856
-0.5573581662239975 0.6473884516951902 0.2904224607527889 0.13780044833909777 0.05785385467693749
0.7564348368173841 0.5781319006161522 0.6998583056988591 0.6776577804033671 0.7780844554645207
2.0765110760578143 0.0005311965685329545 0.6082389807516227 0.9699209527578397 0.7983634177005624
-0.7325193951013615 0.9657479229293815 0.34097711451930934 0.7164048470195462 0.36675373406892453
-0.9469507998454718 0.7876417936700045 0.9801967635851919 0.5926866794842199 0.21305291240632984
2.38286769415912 0.05727252467081145 0.04598500055343979 0.02715466453588733 0.6126527753987318
0.14529969206882304 0.3657831710550642 0.9936502027503904 0.17567656071572102 0.26982894587226625
1.0540841082074037 0.9717178312049887 0.0041249294108197665 0.9255620311518379 0.9272537563969458
-1.2762810707314975 0.9939270241698905 0.4743826322650184 0.39475913194774626 0.1765236283869852
2.276614560202046 0.3094837097186831 0.1344841793477538 0.9468120059393196 0.9745625642035927
0.72782732271225 0.24556595753003707 0.5063392824463263 0.3498380598889924 0.3547067690193777
-0.22376100169950985 0.3941301098481762 0.8822500872792647 0.9053723642992474 0.15291788007595208
-1.5939472867904347 0.9947286483394382 0.9378488331480291 0.19907208538037224 0.09777995084010838
2.11493650679981 0.143653741706268 0.14620706767219682 0.15427453394852375 0.6939959156425642
1.1920758560974682 0.3927066037379746 0.6260615759957127 0.9389573875501014 0.7904046307223638
-0.6851490845479827 0.7034541639302876 0.7696704977101094 0.8605316501355774 0.24242810218373656
1.0779448580920523 0.19943812063413968 0.026729610100522105 0.7167256457414392 0.15146863004457367
0.7895509511107796 0.04968720997712861 0.4722276119062565 0.7742574961269133 0.18989360415896317
0.9516160528392763 0.1899774294301052 0.13537439123123252 0.08600375632190005 0.17432976778135567
-0.8492755332456522 0.8199995694960989 0.9253109726158911 0.698393224531905 0.2947287924262807
-0.5774432066022943 0.9790405900834661 0.3537275986264673 0.2670999891310607 0.43736088108241367
0.7645492149267665 0.7211121026915964 0.3756373653846511 0.9283666900287488 0.8506424705765131
1.9012562794288772 0.24592510977376358 0.7978670949797103 0.5410956846671987 0.982211560662513
0.6303378444964844 0.2344085700249957 0.08708441848538073 0.7694671723475293 0.0531894483735067
0.7444718373833632 0.8165382452965022 0.6236189890925539 0.16052477548532207 0.9803542574803034
1.3516146514890717 0.028440690052801698 0.09527967279645033 0.07207471601007265 0.15302566296595876
1.3767547027371587 0.03218045800418212 0.5784389965821449 0.39036772753818494 0.4620215996124243
-0.9705709138390655 0.8677905274077684 0.40397066459215625 0.9425728772895837 0.1912049228851146
0.2869379302929289 0.9825960756388868 0.5185877303775368 0.9358932090483965 0.9504511584254816
-0.9449085973933218 0.8425954121651577 0.31083134724776773 0.7260751613970945 0.12087955137774964
0.0787090373317183 0.9094635072321139 0.9628482318586542 0.7527663995430621 0.8359789629420976
-0.10266432259396163 0.9536633803667153 0.6832598423630599 0.676987329072714 0.7595397417355105
0.7806293826708535 0.7933295219307209 0.26475943081977915 0.119837737061122 0.8308228026877063
-0.13274147483419307 0.623261107294865 0.4141388252494196 0.29270116744006547 0.3048935455212872
-0.4645678892728133 0.7544334545830758 0.1336840357731115 0.12207521828458401 0.09166017007029181
0.6484174279451163 0.10405092197973931 0.7142421524751991 0.19270007758904983 0.20662516180998203
1.5174042081659151 0.23132814649394118 0.8295724897804861 0.6078695876111136 0.7912675077051039
-0.9950640385675259 0.8352497374316016 0.6207747324809505 0.1183694362450397 0.16865062706003264
1.5293887293909687 0.29046156932855305 0.38853598610323636 0.6770113581151314 0.7570632470424689
-0.22175580669175954 0.9250784695025881 0.3030564537928715 0.33123283118612357 0.5266399168610105
-0.19603153539311147 0.4465931041444926 0.34386302586262174 0.09682335095151073 0.046814802786503296
0.6773169061463697 0.7909005437113846 0.6091422698255987 0.9482146592596534 0.9592441122322669
0.18943459261853435 0.2986473310036801 0.9172864363807177 0.3919535180438788 0.22658942237665458
1.263088953724409 0.5208371835472372 0.18826313995869204 0.6095894003179015 0.7450824987298809
0.16237783644424686 0.3525966865564908 0.700132446004549 0.6181274810470098 0.2559362885021914
2.557025184369909 0.034277856412700536 0.324151704235338 0.16355629368599112 0.9192474911961336
-0.4272388710484696 0.5330109100243503 0.8652963421158792 0.8088234043654275 0.1951577748755684
1.7228515424589772 0.28873779348553796 0.6312732349010408 0.8927053019553983 0.9330780935972717
0.19619163113367494 0.39871564003897764 0.24287249675690925 0.4595728792463206 0.14283799986462586
0.9681839703327739 0.8931640623846018 0.16921034511169386 0.9511294276079651 0.9954312988711331
1.2665340323521774 0.04997892808711846 0.5050218733756003 0.284492733730518 0.4023938700700478
-1.5689236036280372 0.9040834438641769 0.6755929395638619 0.7396866410816796 0.011182252127695969
0.08197495427931023 0.8775120421354712 0.47682175184279396 0.855754194182948 0.7257702572187
0.3364535522192922 0.6790701567956633 0.1395763542872045 0.3596983958813127 0.4129172129523422
1.6136833953752614 0.2988940897240082 0.20660220455117873 0.6020920781189888 0.6938893235462046
-0.1954007432528463 0.37072424521140424 0.8650281667246733 0.37485912843197333 0.1131638947938367
0.3151976890598944 0.5759076174583609 0.8127036727171096 0.16224277101455897 0.5540314692156386
0.9231452867752057 0.4482587439288662 0.32874146292791373 0.3775365303223369 0.5890420606594872
0.8667298407667043 0.7065338880390608 0.5344785946334658 0.19354399888182683 0.9034557394404945
1.0205070748702985 0.23243023881082836 0.9922252364896281 0.7141566396832295 0.5752855933842627
1.4403123169788818 0.3203507963822113 0.6854435444867948 0.7912399055370068 0.8369308832353821
-0.6322464360473362 0.7612881478909589 0.573455071536019 0.7666499529140016 0.2873887169810282
-1.1091994610825895 0.7914302591307715 0.5969490662691399 0.24046113430596983 0.06989538165379083
2.028416200468226 0.03972432761056066 0.33354886413289997 0.2202527723196509 0.6813744395652851
0.08690128926438945 0.9863342921615628 0.07454322580914607 0.14800109804201067 0.534794294467935
2.121143838497874 0.41677769691763533 0.10377774014029051 0.5085663057785536 0.9593293348679909
-1.0970739996619665 0.6785483863412279 0.8650686673925239 0.8884960552499988 0.032542768813998424
0.9716420806655375 0.2922161047003714 0.07638911005005722 0.5202170059496225 0.25119081819536093
-0.22343360261089434 0.4454069788768883 0.9507050281822049 0.26402136005648824 0.17948501971410225
0.0944562053756306 0.5937312441664112 0.48055703321626053 0.94036492490668 0.43977314945476886
1.7131864400971373 0.33551245872352486 0.4702091872846871 0.07888598839311733 0.8915582209734254
0.13773981815557507 0.35389546376108194 0.4723379806329919 0.5077324039453606 0.18463622077431907
0.8118411608744354 0.26971369901807285 0.6097070537704444 0.8883109425596214 0.4745234286633846
1.106872946590286 0.8145792633889971 0.21202511356812315 0.3847562644391256 0.9855972800316276
-1.0502244066729014 0.8930901203173697 0.4910661956529917 0.41629425560313826 0.18515820710839526
0.3264480364176692 0.4341662676203458 0.6954340366369257 0.7222109888316326 0.4240166788973556
0.1275670463714837 0.3734543913151096 0.4170675796625579 0.7241565545250879 0.1909006453564972
1.2405961917649444 0.39063752968271903 0.18109095052671398 0.9318207016636169 0.6080148110173486
2.5853985273079476 0.22855564849233934 0.03709191096764686 0.5716323803363547 0.9064243618469923
1.3436687177135844 0.5950655138620913 0.29348303004705134 0.41642785672782734 0.9253061752162298
0.969096781205554 0.7554777720460142 0.1042697895242426 0.6707311049435573 0.7744507565506997
-0.45615712916090395 0.6581506028363446 0.17512591540950884 0.05558325117634355 0.029239578559747126
0.40270969633494014 0.5029996751489081 0.8360137849901815 0.21748868054393156 0.5250004218649384
1.3400865737999217 0.26631629276684343 0.14040892864299825 0.11681729903405802 0.4459031950606085
0.14134070146130373 0.9284339093268114 0.816716117323471 0.19099046564974564 0.8426146937873401
0.8934789331715909 0.03174239280538316 0.3736308896134235 0.07222658897583145 0.14407246386167127
1.640370571601831 0.36792109099953807 0.09707080143924207 0.8621422641087061 0.689786687975386
1.031170642189005 0.5179965240927225 0.009106869996548417 0.7073730415584172 0.43754027706535903
1.5326786521511215 0.48643563999838113 0.24664526658627517 0.8344002619136067 0.8928824067989813
0.18451244638102726 0.31521746499045256 0.9303495900991724 0.412410391775596 0.2437693099088336
1.210932862339824 0.17194122983928262 0.5515464339151781 0.05144549037031243 0.503997547728986
-0.028775021471374507 0.6474318259619871 0.07016578078153912 0.5416075327886747 0.1406537723443606
-0.5461629572725831 0.46306148841527994 0.6502312369148525 0.8609282317682356 0.03746060326101386
1.8642345557752593 0.447388470128828 0.019741508002189656 0.28121199264403207 0.7531190365991601
0.373411980948562 0.28648607728258746 0.35365239112499125 0.6705209937232949 0.18583013809599536
1.4179185675070114 0.7067189511977532 0.08187166263505785 0.4652566714231643 0.9014560820436555
-0.3460066603281349 0.5884281517956508 0.8050096854132185 0.7162110242914033 0.2807195216567375
0.355633985136057 0.1637851569427663 0.31398582143019294 0.6300999847201434 0.025955029127948115
0.2704355036521069 0.9729560729558828 0.2730012433049991 0.4689419329731812 0.8003211322628958
-0.7073769986734078 0.7679687132195764 0.5410332225085799 0.2876095905521777 0.2252120754655369
0.7782676718524857 0.4439975744689114 0.707559479667912 0.5274294811464921 0.6415006718754022
1.6661477745592 0.40601865977559926 0.19595221256098938 0.9902978339716278 0.8418730988352204
-0.1483766515428263 0.7909263787784022 0.34068459630694736 0.6905660089615134 0.4603171820616987
-0.7718648843172444 0.6724393303674415 0.842084044249671 0.1053018197223935 0.1376003850475378
0.42431106213706227 0.8631544901665664 0.48488721527275647 0.461146244040173 0.8563362595408244
-0.8741441038408329 0.7691482735544105 0.7084620386818091 0.19762152498785834 0.17771063206568838
0.6208551215416989 0.5779662276858678 0.5204868411981061 0.9322498006047227 0.6859412434366918
1.470937335922672 0.4391742811131192 0.5539932391763382 0.5844360299629273 0.937255261357219
0.6994590596380148 0.3564935690026866 0.2636740285458198 0.49017169308358344 0.3539108603336981
1.106594122502408 0.5371852753619433 0.5067557702560331 0.6335942393277131 0.8555905926869173
-0.18836394044872393 0.6002291564122747 0.13249410300177422 0.11772577901798598 0.06022342939683634
-0.10540098624725347 0.6005146165636468 0.5070758719252049 0.9118533685872109 0.3587452624739239
0.6067951347596912 0.4273888324683651 0.43706060944544356 0.7128305256174872 0.48285885526378114
0.24123150291824613 0.9369400547465457 0.5194325667551082 0.7706548392411916 0.8730042603626588
0.9656699883437703 0.3008797489541155 0.33097484320986037 0.3987335906537812 0.45721314446059713
1.101983765669968 0.23016729121452795 0.5667813567161134 0.626007587551979 0.5480304820648217
1.606618560562799 0.3341576816211873 0.549705829292346 0.27696964070443564 0.8744063374396206
1.749079876760747 0.4414651464646757 0.388181737916546 0.03484871486659891 0.9851976382301413
0.7675454607534479 0.6642013420124229 0.32318021263936825 0.07508955766388614 0.7215536835579955
-0.40500319727488077 0.7854226850813444 0.27741683066483036 0.0863501542313132 0.2641516867082937
-0.2857327744395653 0.6403979752632754 0.34648951473362477 0.38514571151977994 0.22427598185640274
1.0134954223297823 0.18244252618767787 0.6799739917349572 0.8560148111588024 0.49144406898524473
0.0755424441559126 0.34145044497605115 0.6792634028378853 0.2912067179037413 0.18206453354197094
-0.32200954125963094 0.3724823475109683 0.9958118841335322 0.9062314344775346 0.09244337421288096
-0.28314236920154 0.6523598964247335 0.8030321452853361 0.1344083347076266 0.34650496250370444
1.4195257087330064 0.16188951256192674 0.11621559765129386 0.26578542952485895 0.3583886576892251
0.6745267277077988 0.5791008339844951 0.4079105830771925 0.37545301558210387 0.6449472446762189
1.1765214135884472 0.594689777571099 0.4676725444973172 0.48123241020691876 0.9285706877807327
0.4483340531839872 0.5504590053368149 0.8550983445333799 0.2794904442030861 0.6018480836276483
0.12438432201023097 0.7224940485435407 0.649355435281142 0.7080057488183514 0.6207891797519365
1.080508240687288 0.21627540509945742 0.6445454240646102 0.11943408454326598 0.5135051639306161
-1.0190394748514398 0.9286174491794926 0.9196452672469455 0.9512920032451948 0.3396759199303554
-1.036365765899431 0.8671105885021433 0.32184059968003687 0.3301192663941276 0.0884733673643755
0.3997892714436091 0.5702145265459195 0.9366287533211967 0.646112284906808 0.6260990277152746
-0.10955196568357195 0.7914666687777135 0.8520294165162816 0.17158182207363226 0.5824233078936065
0.5424087573694546 0.5651489624343932 0.10986142349722716 0.33912082712733493 0.36049319561226234
-0.3672760830671977 0.9651035985106944 0.7284951043132989 0.36109278339476103 0.6364078890992284
1.2379147285083274 0.25072515930981065 0.8499998543565956 0.4859718617950949 0.6743540342982391
0.4449821527173241 0.8180411119318792 0.8272055466592004 0.609134720392192 0.8950444124877304
-0.5942816759486844 0.892334243025146 0.9546328438745861 0.48096531350790994 0.48302232405592027
0.587200634097384 0.7946172680654358 0.15421923801346327 0.7079287867275508 0.6853039630422867
1.1233271272952878 0.5436096744740614 0.2817248753369642 0.9940423301250694 0.7884760228947668
0.1998378616909664 0.8453547811580752 0.49958046493686814 0.5864763032013027 0.742017410887717
1.7301746680977848 0.37606894140028835 0.2938954924535486 0.8049271706765747 0.900117347296454
-0.04574907189093669 0.27320198053763434 0.44693050880167995 0.9735786845967885 0.02708420291495872
1.8819083540295236 0.1765848965965866 0.20044950028743969 0.31693213033246215 0.6735796009906675
0.02941937329567912 0.9178191416797552 0.9575482236625438 0.4944272497441944 0.8076445867894143
0.8295341268140278 0.6515593428866794 0.0434008855375021 0.6127613710143043 0.5238771170889721
1.359284701150768 0.08354276761331902 0.9553769578819715 0.8252761485614579 0.5835753614148871
0.7852750389155065 0.5807841874989607 0.8972656780160849 0.17730414298285624 0.7924771959573083
0.36397573686918183 0.8870786712637221 0.4687301721083441 0.6220994687389579 0.8556293356663298
-0.5977602505404394 0.5796959214792045 0.40741586042013755 0.47425126223825587 0.044759924020230546
1.3353125469181646 0.09922969113186475 0.8565114673508416 0.07270446172758926 0.5401766610024755
-1.222637148278808 0.9514658799968166 0.7387752352397758 0.4614041445604332 0.2216807651400391
-0.2237074697367965 0.6295628598613294 0.2554953415973318 0.8401679034466525 0.2127502130915897
-0.060093002474464696 0.9012219133188446 0.11955324023812974 0.14811102879794602 0.42530133437731865
1.333720912238261 0.10099601987501172 0.7429525596176991 0.7219070056330154 0.5620536625701361
-1.364878630012323 0.9144397750594351 0.4387973305442999 0.1273962408190139 0.02375592648905067
0.13964962413293835 0.3386279306823152 0.25846711819211443 0.07091736043974517 0.04235148345186557
-1.0269713739422173 0.7821560971527595 0.7920775639981693 0.7866889255966442 0.16135100953025328
1.8849648137194241 0.05531749416151455 0.610216853819293 0.7724527932954064 0.7553372138761435
0.25623547974041316 0.9374408888260511 0.9439472025011655 0.3251512304855333 0.9261685693111391
1.7070895846511267 0.3404768232082539 0.5608427682098922 0.6234459633134266 0.9500953875472962
0.6355460393789849 0.5188455576871729 0.9193180462006939 0.4927211045546638 0.6752108742999847
-0.14523119081203717 0.7177534842632785 0.07953183990256585 0.8454178952921898 0.1852943821259886
0.5142149705064682 0.7848988455229132 0.8189039815840093 0.9400680200887886 0.9088246056820156
0.7959754881436616 0.19213298782074217 0.6199833936777173 0.5509907112316225 0.3709588183485215
1.6635272400083827 0.12345670233484052 0.02983576866037596 0.3645800970802404 0.33665820896417875
-0.20826189670068862 0.986202545320257 0.8118397309068314 0.5573783622637208 0.7557221082301221
1.0618234661583466 0.05646233135387024 0.6675983438563351 0.9567838620155082 0.385135659361565
0.06480106947401176 0.8903836862063977 0.3824860736936593 0.17228829624532294 0.6586341242261946
1.3140191879064256 0.22606832519889852 0.695501572258139 0.014081479849348821 0.6383109279191017
-0.5939181731479455 0.4714156699088472 0.8170683352885255 0.43218841888302373 0.026817896019812104
-0.07675969974803076 0.48675666519718375 0.6018001753925108 0.25346801296889554 0.2441687415050181
0.4566018832499179 0.5641286691897271 0.6312132414190403 0.1288482406282092 0.5786612717367322
-0.8596426335191739 0.7347249333973452 0.33106155039357943 0.22404904340130571 0.03310306496885451
1.018178771648534 0.25900483149688125 0.3099712871282805 0.7115466808137592 0.443086480190922
-0.1964721965062748 0.8121589642935604 0.48676460229985885 0.3748123559709563 0.5033222012700082
0.7496609147769037 0.6098910551988191 0.19168389846286105 0.5963758631820213 0.5960252070193929
1.5272490776793601 0.24682816200804447 0.4710028935909121 0.03221500401035238 0.7077378165332112
0.0992317212004099 0.6975443929716502 0.8508825918781254 0.23437954788677673 0.5867980614299944
-0.9465022347971308 0.7359217015801803 0.5438190526016502 0.8341226535358491 0.10683845102676759
-0.24927582633864648 0.5230856615409442 0.7120772028773912 0.012788691011916375 0.20769150117783408
0.9785704780822675 0.24339654131348143 0.5879518829847895 0.7833319313141625 0.5162218574098653
0.8988611338034964 0.43402160119010247 0.07708334055128552 0.07081041138371935 0.3414915785128567
0.9324870118093289 0.6462364013947556 0.2738084662226923 0.5011695573751048 0.7755102284463767
1.9417127306040052 0.13278771812632484 0.8509291129036096 0.47272850633030794 0.8853423054888439
0.08164243972344831 0.8980202056636978 0.8724554798857769 0.09002018204716888 0.7825744271160785
0.24059503753356526 0.41780481512264156 0.2485555633960378 0.012383871337497077 0.163360484013383
0.8256643599154909 0.744563384179645 0.5319201032450537 0.8937155313369609 0.9594087884468064
-0.31043590980668123 0.629707292581596 0.46054231114654076 0.7659905460511504 0.2692787421771259
-0.10949134295059548 0.9068984543117466 0.7697375866953777 0.1801074827746557 0.6941823076099328
1.427128161129847 0.019325448348827212 0.328923287332584 0.3924116505564893 0.38056749757210395
1.079278696589249 0.6835289741743512 0.30711457738332737 0.356950105950974 0.8968416669102202
1.595468165009005 0.16079509259652724 0.77398087284602 0.1665964646942938 0.724248080930728
1.560863500358129 0.08580179724144521 0.31357719039227705 0.5638305624174452 0.5145388266836919
1.9256900773755612 0.09040594863728835 0.1315610181809398 0.8959379229775878 0.5726064782072978
1.4290641358781024 0.36767087149862754 0.415772398992299 0.9976714471066105 0.817465250973132
1.1808587109933835 0.2928311803122542 0.45075562899313215 0.17979070608582703 0.5921446892508613
0.8794340536761762 0.12307604222846957 0.8262173023723112 0.5396105894134766 0.37016492518856847
-0.6371615378101644 0.930794191049212 0.4556801255039121 0.05500829133962892 0.3895463703293507
-0.9648981902112791 0.8629641864678997 0.5509114188357712 0.516229983912777 0.21695084834947376
1.880285584690366 0.42540623774574193 0.2312894620035485 0.782985407670172 0.9810889651332273
0.3515072348592795 0.38897911674596786 0.6323052021698585 0.13891618039562925 0.345913260804272
0.9112912643158997 0.16244958308018542 0.9316880447272206 0.7040397019286764 0.4450335955848991
0.5985200351444817 0.4662791251807492 0.0414128280180468 0.42383079083332376 0.2073018599204024
2.8318358856524837 0.02335820005106859 0.0910486754891926 0.24404721731302914 0.8574147031502939
0.28147634827890533 0.7816254812364009 0.42155309846322564 0.7820599089633072 0.6964897608825
-0.7966263349630545 0.6088151704409482 0.49670596378798026 0.3241686504470098 0.004956289119242285
0.7328439010457672 0.7565785505565316 0.4082694678858997 0.5014910744654119 0.8654712037962984
0.3114772380348326 0.6014667093393685 0.09874083186511506 0.4379973031973281 0.2818724741303613
0.01181152828448051 0.4734593693030035 0.1520746488506297 0.6610208225199012 0.07050085699114683
2.469657007265085 0.0018773283253608053 0.4758066997930469 0.26848406000826675 0.9146756334521888
-0.17292047319946335 0.6807111625833898 0.3853526681609849 0.6981946538864997 0.35493219327254444
1.0716414759079549 0.20052861779208886 0.6023751349796592 0.2534030125733312 0.4912947369378585
0.1994329072754758 0.5215475583029214 0.30890737918249955 0.7264331265559122 0.3283989212768559
1.5676924358069442 0.2117179068194377 0.7188275919660041 0.943068318295141 0.7967117431866749
2.4929879361151346 0.04141156849351635 0.3432903372992223 0.3101908847920526 0.914312122509864
0.45236499748477177 0.2953293365388796 0.16624255820071576 0.30363199636575444 0.08774844151537564
-0.049726261417808226 0.6425957325506418 0.6285470959423695 0.1870132274301789 0.4224408321909173
1.534534128946592 0.3143973582320976 0.7681225655691442 0.4910430076812302 0.8728942254297594
0.5962759308777066 0.8575067296204106 0.07512531651654386 0.8669061189829553 0.6806854348701676
1.0610403780754671 0.08468119566624122 0.299067605968133 0.7777491211484323 0.27791884306197945
0.5323791470466219 0.7418454272629806 0.811731074961328 0.016578295044015312 0.8229776642194515
0.9100536899621616 0.08000531097993868 0.8322912745280517 0.0832174662438322 0.3155699391170783
0.5893670865601478 0.7227436819601362 0.15665640847072837 0.6571752662073048 0.6107060013397392
