0.1381893816238855 -0.7729886152178981
0.9995919030836109 7.742730988181109
0.4629508685429562 0.8864956115806633
0.44840321600348965 -1.715266128756881
1.2619535439668226 16.49248655236994
0.5166637399473326 5.023386993709772
0.2886356395793932 4.530760049525201
0.46749635344048146 9.325680348360969
0.6246523011830964 3.0885732017329506
0.22070975128463988 -3.3125056623368025
1.907354321634393 64.21285807323291
1.414695534007667 19.92549055169729
0.6745722815913309 2.706177877503593
1.584914090457415 36.502507467964755
0.6411130694825145 -3.1109916411168825
0.21992590744835616 3.9588830616417785
0.6539193536302539 -0.8223562082195753
1.1396891517974383 7.176550262055751
1.6216909096097076 36.51386676726369
1.313468233157299 12.094535626231021
1.970429027909235 75.23280215976126
1.1501576626658248 15.103890707928318
0.4060937330606118 -5.234085312036927
0.26988277508816005 4.853888826490832
1.0183540722858315 3.527059200314448
0.6920270807240434 3.9525462095002335
1.337783319460852 13.614325761711035
0.06994881333539227 7.726274751821181
1.315626288318995 13.71101749705552
1.3094290871004979 14.526051763090035
0.16856834949809207 -3.0646031363785453
0.6427372319851701 -10.73688597375005
1.6545153908352965 30.988820519374862
1.1372154379533541 13.957360602463249
1.0630076458518845 9.297935508782176
1.2194070701727433 13.953678702827045
1.4103527109749774 25.672227257540264
0.20958631044322562 6.532985757745534
0.8854263588511155 6.22587654130821
0.897630841369405 0.12994625769773194
1.6056474039509552 33.54206630079319
1.5902897729578014 31.433903343000683
1.9359493251431015 70.89995473326923
1.784478407289827 48.26991046914415
1.023190763180957 6.0617834930923316
1.2782337575946845 12.769720675537657
1.654032862446466 31.65706309558288
0.9904675065410316 -2.601766365923658
0.7155234684575447 3.2627926523634336
1.6522983166688412 39.78090601314444
1.277176107624561 16.09286737520952
1.9937707983450528 72.57669172111632
0.12703086870032476 2.83420744036202
0.10083336158221479 -2.0983214104930448
0.32035076056246337 2.0874669232982455
0.971418440260239 7.328133391709937
1.6882608003416946 41.148728812331846
0.9492189116218921 -1.020830155155437
0.8362999503030921 1.0621802521122725
0.1935884381507591 -0.8168119735140247
1.2487809553797673 14.283192963402131
0.20067740166995862 -5.55674727129677
0.6613000071271753 -1.561659519511281
1.3713816028075898 20.613324323263438
0.9580997023826192 5.288031827616099
0.4809494478806984 -2.511119918384386
1.204318812306515 20.0798532407209
0.9481277060528741 0.11972075077376676
0.5668353041894063 2.5862608498615836
1.3098744301514114 19.347257085226683
1.012300943883573 4.925319831766215
0.7988159162190922 3.730038962167944
1.4209251436301118 15.205255719977913
1.5266301127346127 29.554307256328542
1.3253058616619002 16.58332264776185
1.241170094095567 8.76383013472978
1.7847103207478865 44.73587595385627
0.8711601091165875 0.2577900187924649
0.9069291731504641 2.617257214833124
0.14219805025173682 -0.3718471829628502
1.362554211014132 19.685164040718252
1.5449112514074128 22.027374232853056
1.3519259246322692 15.092453835944784
1.653903414964511 38.233125151138836
0.008544953487805484 5.494857419883396
1.344400794980486 15.64310662982717
0.09550959336335896 1.741770914926658
1.1542504546282255 3.831717973731883
0.05387298932380591 -0.4984254656644068
1.2277935106648095 15.672045413048366
1.7594120411634762 47.39768881354394
1.8441100167671518 52.593746144373526
1.0829822280364576 9.86560295713158
0.22015786006106053 0.606220171594668
1.526460640789177 25.29456189588656
1.418465537228554 17.9821699163176
0.7815116643590567 0.9806594621967998
1.2979649508471605 16.558752596822092
1.565444930753689 28.771403028317064
0.48491333327904584 -5.623967531606817
0.6929834480159889 -0.21679470705954373
1.8802870618094503 64.85771514381197
1.9515003305197514 67.94790944286498
0.8472447812381627 0.6554074779201768
0.734303424361463 7.769357586665972
0.7798129341122311 -4.111672693441832
0.09380281286937531 -0.501666434934961
0.6013151268338088 -0.9889990859550318
1.7845554683763265 44.46570919460052
1.3426537359755182 20.519637308182137
0.6790909490428592 0.661088947765123
0.3692568707498862 -4.723092173154039
1.426435334073849 25.131729210740048
0.3073707304723141 4.87468198624141
1.4256118332184455 18.117060412655356
1.7056740844787652 43.237507040354345
1.081043228400435 8.377672330216466
1.0438838876946244 4.402097265811029
0.7797683218431499 0.5388356039361062
1.1706741748502176 9.202343752260264
0.8600564186398256 3.0037572143352342
0.6942101552777595 3.537115510129353
0.5322501983579835 -0.9740381004092218
1.9085942727534837 64.40776789833899
0.8454802144079636 -1.509955883500759
1.6638669520176348 37.031333457578604
1.3348865747437864 14.656748442909443
1.7808894350702156 50.17783872438206
1.3463953470875687 21.051020651037412
1.53996520631909 26.794781292798294
1.0904931587007707 10.186531738508645
0.37265695179132563 0.19741615991532502
0.7165079561267773 -1.2770045883677135
0.15164620882534896 -11.629685887167472
1.7067665095044218 41.83949021596107
1.510607457041305 26.437982169777754
1.3462055587063018 21.594865524478298
1.3737711227374336 23.771871159486093
0.4474917343968301 1.7508145949265794
0.2212628068371072 4.979951556677576
0.37826369375202296 -2.621369567537906
0.42424979912058114 -3.6578153211797946
1.2442896929269158 9.35973581088911
0.14465609698252258 -2.6536383115135695
1.7846062260576483 48.55626815253439
1.4118100418428152 21.988705711950924
0.6183610993307376 11.634796218893396
0.09473505185143383 4.859956442734159
1.05539584160654 10.165712168800352
0.9570831920892158 2.5825318337636727
1.6543018854763074 33.62730657560793
1.3865273069460387 18.89914252516965
1.7872188025829123 44.54367423069255
0.6384841415889686 1.0753713252898043
1.6687388475374976 37.47503588158112
0.3306651963589915 -2.3471034334884595
1.7678193111297085 42.58246070959746
1.2149294813260643 12.698996135453973
1.8139224865516153 53.30101666530739
1.2456494893274899 6.729087567816214
0.7180684986651504 2.1781365697355746
1.3774297068479682 11.488660195708075
1.4471656846640473 24.94021163514062
1.2294878614779226 5.78523049948862
0.8524948794445031 4.838377950847021
0.251176653006036 7.969407389172655
0.47216917344078335 -2.1869316553070504
1.8616343062805563 66.34746375815932
1.2419363620970576 13.699694228598467
0.9496894877976694 10.631216508989787
0.8350871542398768 2.88453325902618
1.964486301142956 76.96185454506657
0.7045869166786562 5.613800591725525
1.0852119856719262 4.306577049116035
1.6807406114079273 39.69318930535544
0.18154089168682086 2.1623031562518498
0.039694751260886285 6.683909869102898
1.0988362091890982 10.884149245941751
1.2103612037630869 17.51245199624236
0.15198954125247877 0.9011776769853587
1.6552408261370246 36.27779711175053
1.9337523333121 71.23301336519582
1.4441797597197539 24.759293637240635
0.4095361447521919 3.826391266430632
0.6526997296902322 0.1697342727092963
1.1536303834197188 11.896850599185713
0.02740354993277383 -1.4406188105748423
0.09363460597933582 2.0339657761354566
1.7415917807021593 52.37309587450531
1.705569604798435 40.95977854745826
1.44368177571587 24.469964902500724
0.42189819836957687 -2.8285277927592096
1.9952643058036477 80.50962072915964
0.07989482537748094 0.3639017561917298
1.024490839370859 4.673140894463108
1.252177257317253 17.691751290180235
1.330507014819395 17.50733464849273
1.4951026063291069 19.665178838214874
1.9311010786964597 64.83646799134425
0.9387280398664817 6.785162135518542
